    x-direction              y-direction               z-direction
   3.1086244689504386E-017   1.1213252548714081E-016   2.6645352591003756E-017
  -5.5511151231257828E-019  -6.4392935428259075E-017   1.3322676295501878E-017
  -5.5511151231257828E-019  -9.9920072216264085E-018   4.4408920985006263E-018
  -5.5511151231257828E-019  -9.9920072216264085E-018   4.4408920985006263E-018
  -5.5511151231257828E-019  -9.9920072216264085E-018   4.4408920985006263E-018
  -5.5511151231257828E-019  -9.9920072216264085E-018   4.4408920985006263E-018
  -5.5511151231257828E-019  -9.9920072216264085E-018   4.4408920985006263E-018
  -5.5511151231257828E-019  -9.9920072216264085E-018   4.4408920985006263E-018
  -5.5511151231257828E-019  -9.9920072216264085E-018  -4.4408920985006263E-018
  -5.5511151231257828E-019  -9.9920072216264085E-018   4.4408920985006263E-018
  -5.5511151231257828E-019  -9.9920072216264085E-018  -4.4408920985006263E-018
  -5.5511151231257828E-019  -9.9920072216264085E-018   4.4408920985006263E-018
  -5.5511151231257828E-019   2.5535129566378602E-017  -4.4408920985006263E-018
  -5.5511151231257828E-019  -9.9920072216264085E-018   4.4408920985006263E-018
  -5.5511151231257828E-019  -9.9920072216264085E-018  -4.4408920985006263E-018
  -5.5511151231257828E-019   2.5535129566378602E-017   4.4408920985006263E-018
  -5.5511151231257828E-019  -9.9920072216264085E-018  -4.4408920985006263E-018
  -1.3877787807814457E-017   2.2204460492503131E-018   2.8865798640254071E-017
   4.4408920985006263E-018  -6.6613381477509390E-018  -2.2204460492503132E-017
   2.7755575615628915E-018   3.3306690738754695E-018   1.1102230246251566E-017
  -3.3306690738754695E-018   3.3306690738754695E-018  -8.8817841970012525E-018
   3.3306690738754695E-018  -3.3306690738754695E-018  -1.1102230246251566E-017
  -8.3266726846886737E-018  -3.3306690738754695E-017  -8.8817841970012525E-018
  -8.3266726846886737E-018   1.9984014443252817E-017  -8.8817841970012525E-018
  -8.3266726846886737E-018   1.9984014443252817E-017  -8.8817841970012525E-018
  -8.3266726846886737E-018  -3.3306690738754695E-017  -8.8817841970012525E-018
  -8.3266726846886737E-018   2.1094237467877975E-017  -8.8817841970012525E-018
   9.4368957093138313E-018   3.3306690738754695E-018  -8.8817841970012525E-018
  -8.3266726846886737E-018   3.3306690738754695E-018  -8.8817841970012525E-018
   9.4368957093138313E-018   3.3306690738754695E-018  -4.4408920985006263E-018
  -8.3266726846886737E-018   3.3306690738754695E-018   4.4408920985006263E-018
   9.4368957093138313E-018   3.3306690738754695E-018  -4.4408920985006263E-018
   1.6098233857064769E-017  -2.2204460492503131E-018   6.6613381477509390E-018
  -3.8857805861880483E-018   6.6613381477509390E-018   6.6613381477509390E-018
   1.7208456881689926E-017   6.6613381477509390E-018   1.1102230246251566E-017
   1.7208456881689926E-017   6.6613381477509390E-018   1.1102230246251566E-017
   8.3266726846886737E-018   6.6613381477509390E-018   2.2204460492503131E-018
   8.3266726846886737E-018   6.6613381477509390E-018   2.2204460492503131E-018
   8.3266726846886737E-018   6.6613381477509390E-018   2.2204460492503131E-018
   8.3266726846886737E-018   6.6613381477509390E-018   2.2204460492503131E-018
   3.8857805861880483E-018   6.6613381477509390E-018   2.2204460492503131E-018
   3.8857805861880483E-018   6.6613381477509390E-018   2.2204460492503131E-018
  -4.9960036108132042E-018   6.6613381477509390E-018   2.2204460492503131E-018
   3.8857805861880483E-018   6.6613381477509390E-018   2.2204460492503131E-018
   3.8857805861880483E-018   6.6613381477509390E-018   2.2204460492503131E-018
  -4.9960036108132042E-018   6.6613381477509390E-018   2.2204460492503131E-018
   3.8857805861880483E-018   6.6613381477509390E-018   2.2204460492503131E-018
  -4.9960036108132042E-018   6.6613381477509390E-018   2.2204460492503131E-018
   3.8857805861880483E-018   6.6613381477509390E-018   2.2204460492503131E-018
  -4.9960036108132042E-018   6.6613381477509390E-018   2.2204460492503131E-018
   3.8857805861880483E-018   6.6613381477509390E-018   2.2204460492503131E-018
  -4.9960036108132042E-018  -1.1102230246251566E-017   2.2204460492503131E-018
   3.8857805861880483E-018   6.6613381477509390E-018   2.2204460492503131E-018
   3.8857805861880483E-018  -1.1102230246251566E-017   2.2204460492503131E-018
  -4.9960036108132042E-018   6.6613381477509390E-018   2.2204460492503131E-018
   3.8857805861880483E-018   6.6613381477509390E-018   2.2204460492503131E-018
  -4.9960036108132042E-018  -1.1102230246251566E-017   2.2204460492503131E-018
   3.8857805861880483E-018   6.6613381477509390E-018   2.2204460492503131E-018
  -4.9960036108132042E-018  -1.1102230246251566E-017   2.2204460492503131E-018
   3.8857805861880483E-018   6.6613381477509390E-018   2.2204460492503131E-018
   3.8857805861880483E-018   6.6613381477509390E-018   2.2204460492503131E-018
  -4.9960036108132042E-018  -1.1102230246251566E-017   2.2204460492503131E-018
   3.8857805861880483E-018   6.6613381477509390E-018   2.2204460492503131E-018
  -4.9960036108132042E-018  -1.1102230246251566E-017   2.2204460492503131E-018
  -2.3314683517128286E-017   3.8857805861880476E-017   0.0000000000000000     
  -3.2751579226442116E-017   1.1102230246251566E-018   0.0000000000000000     
   1.1102230246251566E-017   1.6653345369377347E-017   1.7763568394002505E-017
   1.1102230246251566E-017   1.6653345369377347E-017   8.8817841970012525E-018
   1.1102230246251566E-017   1.6653345369377347E-017   8.8817841970012525E-018
   1.1102230246251566E-017   1.6653345369377347E-017   8.8817841970012525E-018
   2.2204460492503131E-018  -1.1102230246251566E-018   8.8817841970012525E-018
   2.2204460492503131E-018  -1.1102230246251566E-018   8.8817841970012525E-018
   2.2204460492503131E-018  -1.1102230246251566E-018   8.8817841970012525E-018
   2.2204460492503131E-018  -1.1102230246251566E-018  -8.8817841970012525E-018
   2.2204460492503131E-018  -1.1102230246251566E-018   8.8817841970012525E-018
   1.7208456881689926E-017   3.3306690738754695E-018  -2.2204460492503131E-018
   4.4408920985006263E-018  -1.4432899320127036E-017   4.4408920985006263E-018
   2.2759572004815708E-017   1.6653345369377347E-017  -8.8817841970012525E-018
  -1.6653345369377347E-018  -1.2212453270876722E-017  -1.1102230246251566E-017
  -1.6653345369377347E-018  -1.2212453270876722E-017  -1.1102230246251566E-017
  -1.6653345369377347E-018  -1.2212453270876722E-017  -1.1102230246251566E-017
  -1.6653345369377347E-018   5.5511151231257830E-018  -2.2204460492503131E-018
  -1.6653345369377347E-018   5.5511151231257830E-018  -2.2204460492503131E-018
  -3.3306690738754695E-018   3.3306690738754695E-018   1.9984014443252817E-017
  -2.7755575615628915E-018   1.7763568394002505E-017   0.0000000000000000     
  -2.7755575615628915E-018   1.7763568394002505E-017   0.0000000000000000     
  -2.7755575615628915E-018   1.7763568394002505E-017   0.0000000000000000     
  -2.7755575615628915E-018   0.0000000000000000        0.0000000000000000     
  -2.7755575615628915E-018   0.0000000000000000        0.0000000000000000     
   0.0000000000000000        1.8873791418627663E-017   0.0000000000000000     
  -1.9984014443252817E-017  -3.3306690738754695E-017  -1.9984014443252817E-017
   1.7530363282964450E-018  -1.5618779327600947E-017   3.0621257482779660E-017
  -4.9376085959127005E-018   4.0640572173950001E-018  -1.3032229653281986E-017
  -3.9007107940280575E-018   3.2106052079665846E-018  -1.0295461432007111E-017
  -3.0815615261964908E-018   2.5363781199391094E-018   9.6301538614761166E-018
  -2.4344336174308525E-018   2.0037387143176264E-018  -1.0155746846331505E-017
   6.9585816462102149E-018   1.5829535786654172E-018   9.7405283963194002E-018
  -3.3845046930210236E-018   1.2505333188945531E-018  -1.0068550975179045E-017
  -2.6737587131527960E-018   9.8792132496658560E-019   9.8094131232801880E-018
  -2.1122693818914438E-018   7.8045786159217422E-019  -1.0014132032401421E-017
   7.2130913863926860E-018  -1.7147006674162982E-017   9.8524040985383440E-018
  -3.1834420028573842E-018   4.2174331024092737E-018  -9.9801691669105599E-018
  -2.5149191874892512E-018   3.3317721481736305E-018   9.8792347563617828E-018
  -1.9867861646512349E-018   2.6320999980911438E-018  -9.9589729408193945E-018
   7.3122231284363805E-018   2.0793589930946501E-018   9.8959797746842919E-018
  -3.1051279359693266E-018   1.6426936026836172E-018  -9.9457443872220384E-018
  -2.4530510583315478E-018   1.2977279453755951E-018   9.9064303290483518E-018
   6.9438738672369215E-018   1.0252050786665174E-018  -9.9374884464206566E-018
  -3.3961238612711298E-018   8.0991199717457973E-019   9.9129525282371440E-018
  -2.6829378412845263E-018  -8.2419537148906364E-018  -9.9323359052978385E-018
  -2.1195208948525904E-018   2.3706407692686849E-018   9.9170230344006803E-018
   7.2073626798520262E-018   1.8728061956040653E-018  -9.9291201910357030E-018
  -3.1879676827305664E-018   1.4795168847251213E-018   9.9195634466825347E-018
  -2.5184944513142703E-018   1.1688183402770142E-018  -9.9271132730258177E-018
  -1.9896106193817070E-018   9.2336648526196460E-019   9.9211489037626160E-018
   7.3099918159718499E-018   7.2945955052983517E-019  -9.9258607685499987E-018
  -3.1068906630245560E-018  -1.7187295368233167E-017   9.9221384061626729E-018
   2.3259060136306266E-017  -8.3503401211316488E-018   1.9684247274647285E-017
   2.2978881398699375E-017  -4.5667651568645444E-017  -1.2037349383967036E-017
   1.8153316309966609E-017   1.7213260447720018E-017  -9.5095060122586230E-018
  -3.4224485047965241E-018  -1.3046876846445290E-017   1.3692744526936139E-018
  -2.7037343209709429E-018   1.6338319890707862E-017   1.0817268262306334E-018
  -2.1359501183646925E-018  -1.3738079889214588E-017   8.5456419098512105E-019
  -1.6874006013456433E-018   1.5792269505076730E-017   6.7510572341003192E-019
  -1.3330464761383930E-018  -1.4169459707180791E-017   5.3333351355299137E-019
   7.8286774839228299E-018   6.5696952192085442E-018   4.2133348608797985E-019
  -2.6971289859946865E-018  -1.2573509162742064E-017   3.3285345425765827E-019
  -5.3094982518622405E-017   5.3569931385983874E-017   1.7502350641948316E-017
   4.9429783246790769E-018   1.0595477817723496E-017  -3.8444815211917231E-017
  -4.9768313085313423E-018   8.3704274826603653E-018  -1.2607835632014785E-017
   4.9500874560753607E-018   6.6126377175469028E-018  -1.0784059566331259E-018
  -4.9712151006219400E-018   5.2239837755414725E-018   8.0298434920469044E-018
   4.9545242729693117E-018  -1.3636621228137186E-017  -2.5382078372502222E-018
  -4.9677100272077986E-018   6.9906376411862786E-018  -2.0051841896905961E-018
   4.9572932807493486E-018   5.5226037376952131E-018  -1.5840954994330952E-018
  -4.9655225149906776E-018  -1.3400711443291237E-017  -1.2514354400026519E-018
   4.9590214264850945E-018   7.1770063673268295E-018  -9.8863399689899148E-019
  -4.9641572626954411E-018   5.6698349921792464E-018   8.1007633273328533E-018
   4.9600999738441167E-018  -1.3284398752538365E-017  -2.4821811779622345E-018
  -4.9633052253054810E-018   7.2688933948000373E-018  -1.9609231282327005E-018
   4.9607730672521639E-018   5.7424257612538732E-018  -1.5491292721310140E-018
  -4.9627734743166527E-018  -1.3227052061885253E-017  -1.2238121239495252E-018
   4.9611931540281761E-018   7.3141973035356950E-018  -9.6681157440460745E-019
  -4.9624416094548963E-018   5.7782158480383485E-018   8.1180030534284070E-018
   4.9614553351271790E-018  -1.3198777862223527E-017  -2.4685617815254470E-018
  -4.9622344937692705E-018   7.3365338766834234E-018  -1.9501638080254884E-018
   4.9616189545542700E-018   5.7958617818532126E-018  -1.5406294040387967E-018
  -4.9621052209491650E-018  -1.3184837583815566E-017  -1.2170972413088454E-018
   4.9617210606951076E-018   7.3475466760495937E-018  -9.6150681550546808E-019
  -4.9620245636016107E-018   5.8045618628088433E-018   8.1221938192453006E-018
   4.9617847856555224E-018  -1.3177964513222494E-017  -2.4652510945212801E-018
  -4.9619742182876038E-018   7.3529764157354350E-018  -1.9475483663261723E-018
   4.9618245647711807E-018   5.8088513712434086E-018  -1.5385632102662158E-018
  -4.9619427947301082E-018  -1.3174575814814756E-017  -1.2154649327188699E-018
   4.9618493874273877E-018   7.3556535010019509E-018  -9.6021728642543155E-019
  -4.9619231750399542E-018   5.8109662818181654E-018   8.1232125459363991E-018
   4.9618648815542360E-018  -1.3172905052666054E-017  -2.4644462891442965E-018
  -4.9619109420726709E-018   7.3569733958822736E-018  -1.9469125663560428E-018
   4.9618745606013785E-018   5.8120090132906405E-018  -1.5380609213828553E-018
  -4.9619032989238107E-018  -1.3172081294513287E-017  -1.2150681465867374E-018
   6.3129408137985035E-018  -8.4294795757182821E-018   5.7519480671830078E-017
   1.5252752076118256E-017   1.5986598448745820E-017  -6.1923372208117336E-017
  -5.7138942567228554E-018   3.7476285901844884E-018  -4.5105430594064337E-018
  -4.5139764627903763E-018   2.9606265553505499E-018   5.3184551861499471E-018
   1.4197526989680238E-017  -1.5424673412504516E-017  -4.6802045983297917E-018
  -1.5429306277407497E-017   1.4459860587701244E-017   5.1844225537328050E-018
   1.4456200625751379E-017  -1.5222062726202785E-017  -4.7860903879482198E-018
  -1.5224954098810838E-017   1.4619923045099732E-017   5.1007727851868438E-018
   1.4617638842706836E-017  -6.2138292053309184E-018  -4.8521736940566674E-018
  -1.5097417902008335E-017   3.9728591279744724E-018   5.0485669682740091E-018
   1.4718392450185272E-017   3.1385587071914050E-018  -4.8934162990131020E-018
  -1.5017822554064924E-017  -1.5284107006573860E-017  -3.8657988763030690E-018
   1.4781272775443138E-017   1.4570908042244647E-017   5.8278030882373455E-018
  -1.4968147092985645E-017  -6.2525510497489007E-018  -4.2778197521238705E-018
   1.4820516384712004E-017   3.9422688742963859E-018   5.5023065824836370E-018
  -1.4937144652106395E-017   3.1143924084607573E-018  -4.5349619935718153E-018
   1.4845008313430541E-017  -1.5303198388878325E-017   5.2991642134354808E-018
  -1.4917796020767332E-017   1.4555825851340814E-017  -4.6954444705378921E-018
   1.4860293737440998E-017  -6.2644659722911225E-018   5.1723830557223812E-018
  -1.4905720540400262E-017   3.9328560862531731E-018  -4.7956015877368597E-018
   1.4869833372597169E-017   3.1069562946362833E-018   5.0932589494720143E-018
  -1.4898184231222165E-017  -1.5309072913919292E-017  -4.8581096372581186E-018
   1.4875787047449026E-017   1.4551184985533357E-017   5.0438775738479664E-018
  -1.4893480815050763E-017  -6.2681322518329166E-018  -4.8971209183762883E-018
   1.4879502742760614E-017   3.9299597360857854E-018   5.0130586729729099E-018
  -1.4890545415754608E-017   3.1046682013925787E-018  -4.9214678464693474E-018
   1.4881821713622610E-017  -1.5310880522760583E-017   4.9938245978768775E-018
  -1.4888713426798739E-017   1.4549756978146973E-017  -4.9366627738188648E-018
   1.4883268974671728E-017  -6.2692603979754438E-018   4.9818206024583444E-018
  -1.4887570101891971E-017   3.9290685110143056E-018  -4.9461459115052240E-018
   1.4884172212473652E-017   3.1039640928474645E-018   4.9743289269121252E-018
  -1.4886856536604503E-017  -1.5311436762431447E-017  -4.9520643432931074E-018
   1.2530367528943041E-017   1.4953171792428518E-017   3.1288946460799261E-017
  -2.6743712174421295E-017  -3.0001883381944687E-017  -7.6257651713806126E-018
   1.9193656622493739E-017   1.1346862439725831E-018   3.5159247085606418E-017
  -3.5179551775399396E-017   6.7381980125105647E-018  -5.4283008374259959E-017
   2.8843182067502970E-017   1.6304497505300432E-017   3.4362061961123585E-017
   6.8401448797213978E-018  -1.4257727472058222E-017   2.0854487377097060E-017
   5.2511117096693535E-018   1.5606112090495463E-017  -3.9200102505136817E-018
  -1.5100480555803899E-017  -1.4352114396506881E-017  -3.6456095349215981E-018
   7.0507905596450646E-018   6.6365480535088017E-018   5.4913673298136794E-018
   6.5572352166958990E-018   4.5066551471592637E-018  -3.7748125740706757E-018
  -1.4996008718739274E-017  -1.4127490618443672E-017  -3.5105756913628275E-018
   8.2581723857816677E-018   1.5727232359104396E-017   5.6169488026689742E-018
   6.5698772888991972E-018  -1.4239472549264833E-017  -3.6580218101468745E-018
   5.6979973363426399E-019  -2.7602352393000540E-017  -2.9567485878822944E-017
   5.0873667093242518E-018   2.5593176446808675E-017  -1.8572206363461727E-018
  -1.3032317356140408E-017  -5.0641445452389902E-018  -6.1699216601873123E-019
   7.8639593054440188E-018   1.3053913965565396E-017  -5.7380270877259190E-019
   5.0930361018451136E-018  -6.7336514287493277E-018   8.3481476830539792E-018
  -1.3027044819028056E-017  -5.1520728062417084E-018  -1.3330460127104549E-017
   7.8688627618048804E-018   4.0903564902570315E-018   8.6969095492985136E-018
   5.0975963165088695E-018  -5.0777526610001746E-018  -1.9038813404892786E-018
  -1.3022803812328708E-017   1.3041258422725821E-017  -1.7706096439253329E-018
   7.8728068923484077E-018  -7.3005325962129019E-018   8.3453402485985876E-018
   5.1012643662171750E-018  -5.1241607752034792E-018  -1.3333071039990012E-017
  -1.3019392531890248E-017   4.1163146793293800E-018   8.6944814019693939E-018
   7.8759793822876351E-018  -5.0536115437153245E-018  -1.9061395146102268E-018
   5.1042147798754231E-018   1.3618821171962640E-017  -1.7727097438312226E-018
  -1.3016648646619390E-017  -7.3185107526451374E-018   8.3433871593670637E-018
   7.8785312034580885E-018  -5.1408804652556310E-018  -1.3334887404538086E-017
   5.1065879724265711E-018   4.1007653629900268E-018   8.6927921750814685E-018
  -1.3014441576750661E-017  -5.0680724082417953E-018  -1.9077105001654907E-018
   7.8805837756339312E-018   1.3050261051194348E-017  -1.7741707639958537E-018
   5.1084968633300147E-018  -7.2921601511581461E-018   8.3420284118133688E-018
  -1.3012666314807224E-017  -5.1163744062242802E-018  -1.3336151042864949E-017
   7.8822347723018966E-018   4.1235559941875489E-018   8.6916170037211187E-018
   5.1100322832208654E-018  -5.0468771230685760E-018  -1.9088034042780204E-018
  -1.3011238372561314E-017   1.3625084182378295E-017  -1.7751871704453341E-018
   7.8835627559746348E-018  -7.3126861520900393E-018   8.3410831511683738E-018
   5.1112673207440746E-018  -5.1354635861603636E-018  -1.3337030141468649E-017
  -1.3010089783683923E-017   4.1058030604245485E-018   8.6907994308113791E-018
   1.5598157058355386E-017  -1.2627072480233820E-017   1.2246599398232293E-017
  -1.2503864530801918E-017  -3.9451388961320566E-017  -2.7557258840430560E-017
   2.7455632119000155E-017   2.2891706629958317E-017  -1.4897984171387166E-017
   2.0073786187919994E-017   1.3582314850165272E-017   4.9588087500778009E-017
  -1.6858515637871628E-017  -1.5679134316977596E-017  -1.4945344980521220E-017
   3.1953718715192988E-018   4.2921965068577053E-018   1.3856404787797364E-017
   2.9716958480506314E-018   3.9917427555962875E-018  -1.4869119162108826E-017
  -6.1181070624810873E-018  -5.7245749492769412E-018   1.3927294790814520E-017
   3.1919446285629688E-018   4.1130410065896729E-018  -1.4803191465217211E-017
   2.9685085019476022E-018   3.8251281343913168E-018   1.3988607556078835E-017
  -6.1210712869536378E-018  -5.8795265409798245E-018  -1.4746170592735578E-017
   3.1891878982111739E-018   3.9689360274640444E-018   1.4041636967776267E-017
   2.9659447455948858E-018  -5.7457852002153925E-018  -5.8150690397537861E-018
  -6.1234555823365581E-018   4.0933154724724504E-018   4.5839930127115136E-018
   3.1869705020264729E-018  -5.0750008130819452E-018  -5.7288937192256748E-018
   2.9638825636482759E-018   4.1620334398217471E-018   1.3545920257721191E-017
  -6.1253734088585682E-018   3.8706911016191639E-018  -1.5157869769744352E-017
   3.1851869238159526E-018  -5.8371529857385857E-018   1.3658756726085713E-017
   2.9622238369774868E-018   4.0083434350378075E-018  -1.5052931854661654E-017
  -6.1269160303906276E-018  -5.7091363179753534E-018   1.3756348991951629E-017
   3.1837522896788863E-018   4.1273989367607180E-018  -1.4962171054271953E-017
   2.9608896298046148E-018   3.8384810132347395E-018   1.3840756536520846E-017
  -6.1281568406005365E-018  -5.8671083679567807E-018  -1.4883672040138687E-017
   3.1825983334332959E-018   3.9804849287890655E-018   1.3913760622932148E-017
   2.9598164487798160E-018  -5.7350447252504860E-018  -1.4815778238328610E-017
  -6.1291548981160789E-018   4.1033041126388494E-018   1.3976901854396899E-017
   3.1816701406262652E-018  -5.0657113762796275E-018  -1.4757056889302718E-017
   2.9589532320438771E-018   4.1706726216727305E-018   1.4031512707212537E-017
  -6.1299576934441743E-018   3.8787255337922619E-018  -5.8244846009200025E-018
   3.1809235439489870E-018  -5.8296809640037214E-018   4.5752365490573792E-018
   2.9582588966376998E-018   4.0152924139277436E-018  -5.7370372296381976E-018
  -6.1306034195816544E-018  -5.7026737605766778E-018   1.3538346794691905E-017
   3.1803230159941524E-018   4.1334091090823880E-018  -1.5164913096854955E-017
   2.9577004101374984E-018   3.8440704711571075E-018   1.3652206435843320E-017
  -6.1311228207639376E-018  -5.8619101685321014E-018  -1.5059023630418703E-017
   3.1798399725017186E-018   3.9853192493943306E-018   1.3750683640208059E-017
   2.9572511735166996E-018  -5.7305488104376717E-018  -1.4967439830814445E-017
  -6.1315406028079681E-018   4.1074853183158126E-018   1.3835856574998072E-017
   3.1794514364622204E-018  -5.0618228498508529E-018  -1.4888228994676853E-017
  -1.2946767736741123E-017   1.7544235151467801E-017  -1.9849737436867307E-018
  -1.1322652112239127E-017   1.8221649060338618E-018   4.2965477043544030E-018
   1.3793019847727652E-017  -5.5573422690580285E-018  -1.1152148805373114E-017
   1.1296713402236229E-017  -1.0053033261274993E-018  -2.0473216344977874E-018
  -6.6927892596662429E-018  -9.8519725790922917E-019  -2.0063752015596777E-018
   1.1204634919674343E-017  -9.6549331320599380E-019   6.9155365030296448E-018
  -6.7830261729698025E-018  -9.4618344561838493E-019  -1.0986342618800066E-017
  -6.6473656491071561E-018  -9.2725977831901957E-019   6.9969526316316263E-018
   1.1249150057929190E-017   1.6854853810629480E-017  -2.0247706147762545E-018
  -6.7394013374800517E-018  -1.4568487953722643E-017   6.8975089949341131E-018
   1.1158955083199675E-017  -9.5444190104882869E-019  -1.1004009575410197E-017
  -6.8277924132733237E-018  -9.3535306232474860E-019   6.9796390134919517E-018
  -6.6912365651422740E-018   1.6846922393461917E-017  -2.0417379668397076E-018
   1.1206156560804141E-017  -1.4576260744532090E-017  -2.0009032115560985E-018
  -6.7815349643317285E-018  -9.6205923360190091E-019   6.9208990487663770E-018
  -6.6459042649830556E-018  -9.4281804888850384E-019  -1.0981087325301556E-017
   1.1250582214143334E-017   1.6839606704726922E-017   7.0021028152896974E-018
  -6.7379978234285935E-018  -1.4583430117424432E-017  -2.0197234399198641E-018
  -6.6032378671254582E-018  -9.6908521887096203E-019   6.9024552289403535E-018
   1.1292395284209216E-017  -9.4970351478305602E-019  -1.0999162272205218E-017
  -6.6970210159014032E-018  -9.3070944407380451E-019   6.9843893711291396E-018
   1.1200487797457532E-017   1.6851473137941638E-017  -2.0370826108958715E-018
  -6.7870903532696051E-018  -1.4571801014735169E-017  -1.9963409547902050E-018
  -6.6513485465040657E-018  -9.5768869869043351E-019   6.9253700592388997E-018
   1.1245246818542257E-017  -9.3853492422031652E-019  -1.0976705733053250E-017
  -6.7432265122136628E-018   1.6843804168638827E-017   7.0063967760239092E-018
  -6.6083619811525494E-018  -1.4579316606140849E-017  -2.0155153570768478E-018
  -2.4934032683956447E-017   2.7917922921655155E-018  -2.3690969048977554E-017
  -2.6688146400525082E-017   5.1101231872682579E-018   1.5572968146218739E-017
   1.1593199364554626E-017   5.6702862481547158E-019   4.1592785334032030E-018
  -8.6226790657824890E-018  -1.7207880340938879E-017  -7.0261372800422675E-018
   1.1533788958051856E-017   2.3104306152881843E-017   4.2166157156151740E-018
   3.1880749675907252E-017  -2.9881581623027532E-017  -1.7245074976267566E-018
   3.5603287595611502E-018   3.3351414640852541E-017   3.3057538638093949E-017
   3.4891221852177877E-018  -1.6165426734975091E-017   3.5305892249539233E-018
   3.4193397408516874E-018   1.5244126488980640E-017   3.4599774399998954E-018
   2.3068124942824320E-017   9.9800145725409413E-019  -2.8721576021828170E-018
   7.7678486084378999E-018  -1.6865484924942252E-018   7.4335510380027466E-018
   4.8195868399413121E-018   1.1921289779567344E-018  -4.2705467371075719E-018
   2.9971452445451793E-018   7.6062638154191915E-019  -2.6542423348159690E-018
  -1.5927915461595096E-017  -1.7525879514951580E-018   7.2477350467348766E-018
   7.8874723297444951E-018   1.1274103081363049E-018  -4.3724154477866426E-018
   4.8934499999294847E-018   7.2322293725900434E-019  -2.6781795192107041E-018
   3.0218262457460836E-018  -1.7979169442728639E-018   7.1939189451986032E-018
  -1.5886380845657898E-017   1.0829878952125376E-018  -4.4013027794950860E-018
   7.9281762533592751E-018   7.0570982473376831E-019  -2.7541939998670706E-018
   4.8943085668612587E-018  -1.7977325597871405E-018   7.1974873105796512E-018
   3.0313412587181981E-018   1.0918422093914598E-018  -4.4281634422531910E-018
  -1.5890066559014527E-017   7.0571343524789515E-019  -2.7458229798571012E-018
   6.3858367027955531E-018   8.2574056427045569E-019   8.2079424991056576E-018
   8.6549588279867370E-018  -8.4363596750645448E-019   2.7622522389484710E-019
   5.4113990989485583E-018  -4.1042961392201281E-019   2.1865901513796909E-019
   3.2258397544886332E-018  -1.8538058714457336E-019  -3.7335174265532646E-019
   2.1161520651222283E-018   2.2035718040650951E-018   2.4777372182506028E-019
   1.2801930335615053E-018  -1.1451478537529534E-018  -3.4698773444468627E-019
   7.7754021699479533E-019  -6.4519594078528212E-019   2.7577885421419685E-019
   4.9310727387683832E-019  -3.8075711795346449E-019  -3.3255313077008884E-019
   3.9650895460038040E-019  -3.4870897779846780E-020   2.8992476582079530E-019
   3.2786345384752856E-019   2.1862725694269923E-018   2.3208456622491359E-019
   2.6059086311136957E-019  -1.1534274863177234E-018  -3.6669991562115640E-019
   4.2875420040044608E-020  -6.5330998069936264E-019   2.5429251231887002E-019
   4.2017911640960275E-020  -2.4993099898934168E-019  -3.3843091541158119E-019
   3.6840744719208797E-020  -7.1460031411187532E-020   2.8199613251989168E-019
   3.1767121134317147E-020  -6.1357213404574162E-020  -3.2862860237951790E-019
   3.1131778713609899E-020   2.1689895974949663E-018   2.9593920798577933E-019
   3.0509143138146200E-020  -1.1616911814304571E-018   2.3364191085294012E-019
   2.9898960274050418E-020  -6.7008201928855444E-019  -3.6300531354443530E-019
   2.9300981069478178E-020  -2.5769397942864275E-019   2.6225003104141382E-019
   2.8714961449603230E-020  -7.9067752242671923E-020  -3.3496935575278406E-019
   2.8140662220691940E-020   2.1516332694312882E-018   2.7671484361047559E-019
   1.8904231596313288E-020  -1.1526795307923213E-018  -3.2513064813086163E-019
   9.8525295857954580E-021  -6.6992421904274219E-019   2.8852518142654615E-019
  -1.7753912915009637E-017  -2.5753933518786800E-019  -3.1789332576008516E-019
   6.6921376159188485E-018  -7.8916200883925751E-020   2.9561775734409097E-019
   4.1903973188936039E-018   2.1517817897627786E-018  -3.1744781439241150E-019
   2.5626854788965348E-018  -1.1525339808672184E-018   3.0039116718016930E-019
   1.6657540747796483E-018  -6.6978158011686825E-019   2.3800483086408851E-019
   9.2987598551179248E-019  -2.5739954904152128E-019  -3.6089805627250319E-019
   6.1637547488606484E-019  -7.8779210462646619E-020   2.6214673882535963E-019
   4.7828051338055003E-019   2.1519160403764803E-018  -3.3507058212564808E-019
   3.3861064241506223E-019  -1.1524024152664369E-018   2.8312085479707382E-019
  -7.6447129476485484E-018   6.6050802229646931E-019  -1.5130121226075120E-019
   8.6113767115419898E-018  -9.4704298082302563E-019  -2.5232474214285553E-018
  -1.1622927822360220E-017  -7.7197700836679461E-019  -1.4904953047282785E-018
  -8.7488913895061343E-018   2.1293419386282792E-018  -2.7075577026896021E-018
   2.0854296698030416E-017   2.5346354239610833E-018  -8.1155634298649410E-018
  -1.2641475606849745E-017  -1.8525551503822208E-018   9.7516592270524898E-018
  -1.0259273027950109E-017  -1.5206010564567825E-018  -5.4270479812360507E-018
  -8.2933432392727902E-018  -9.3736637167407599E-020   5.0462136535353711E-020
  -6.7180135502560968E-018  -8.3188287044942812E-020   3.2105659041405055E-020
  -5.4647566372440967E-018  -8.1524521303357338E-020   2.0621524132733074E-020
  -4.4057004014030443E-018  -6.6883604809160497E-020   2.0209093648382046E-020
   1.8624131576418412E-017  -4.8198697953047663E-020   1.5468103088461224E-020
  -7.1273555086517754E-018  -4.7234723994592554E-020   1.5158741029034601E-020
  -5.7618283479141822E-018  -4.1953220826010764E-020   1.4855566207888454E-020
  -4.6708098257178942E-018  -4.1114156410904191E-020   1.2390050542233188E-020
  -3.7750840215655753E-018  -4.0291873281110909E-020   1.2142249533892685E-020
   1.9138052220101006E-017  -2.6475609744733673E-020   7.5625958510917704E-021
  -6.7061126429494278E-018  -1.7272480171853278E-020   7.4113439373818880E-021
  -5.4183992785675188E-018  -1.6927030568941279E-020   7.2631170570994422E-021
  -4.4123118941765347E-018  -7.9148725758608830E-021   7.1178547145842056E-021
   1.8639336356949110E-017  -7.7565751250302888E-021   6.9754976177883608E-021
  -7.1037812063510791E-018  -7.6014436211564339E-021   6.8359876621206408E-021
  -5.7517359577318899E-018  -7.4494147473600570E-021   6.6992679062125082E-021
  -4.6739297094096998E-018  -7.3004264529783120E-021   4.3968782027133528E-021
  -3.7738046988926343E-018  -7.1544179232725096E-021   4.3089406398707756E-021
   1.9139305956318631E-017   1.6622878166117833E-021   2.0543574844449527E-021
  -6.6962103640780890E-018  -7.0445753213008540E-021   2.0132703328981287E-021
  -5.4217054713435135E-018   1.7699335633936111E-021   1.9730049255131518E-021
   6.0642681445118861E-017   2.7790365577548121E-018   1.7138389997590215E-017
   6.3024246582947082E-018  -4.3741133853993668E-018  -8.1620538124590957E-018
  -3.7722629695978522E-018   2.0104151001038648E-018  -2.1809838786566547E-018
   1.3815852657177630E-018   1.6319357202863503E-018   1.5999169740255208E-017
   1.1197658911474474E-018  -4.2467211081602877E-018  -9.2444531956501450E-018
  -2.0057956329679192E-017   4.6346695456768866E-019  -6.9554831331132368E-018
   1.1251035704381904E-017   5.0666501134422695E-018   9.4593166779465459E-018
   4.6682534508383991E-018   7.6294949061928617E-019   7.6633427247626435E-018
   3.7942628176302503E-018  -1.5898493830716047E-018  -1.1554535130713680E-017
   3.0591826404067213E-018   9.2693898392680545E-019   8.4003614937546282E-018
   2.4905923708761180E-018   7.6094870878906941E-019   6.8033758005450948E-018
  -1.5752131930849036E-017  -1.6221678100958210E-018  -1.2249851220996120E-017
   5.0022900634658245E-018   9.2562458627153679E-019   7.8403823686023529E-018
   4.0522297589698311E-018  -1.4781326849209132E-018   6.3500060490715204E-018
   3.2816325820898560E-018   9.9739006990415671E-019  -1.2618259425365430E-017
   2.6608884181359650E-018   8.2565396435923396E-019   7.5443944586616441E-018
  -1.5606925847984136E-017  -1.5544198509471583E-018  -1.1655925601081256E-017
   5.1229079812235341E-018   9.7467035147883148E-019   8.3270196849361558E-018
   4.1444144662312805E-018   7.9905183161053443E-019   6.7401744452798066E-018
   3.3502895517574366E-018  -1.5761531323490838E-018  -1.2303114931771694E-017
   2.7238354397178690E-018   9.4036130963338148E-019   7.8011943581087231E-018
  -1.5566921810284673E-017   7.7410258798413930E-019   6.3181070118267151E-018
   5.1621119381690306E-018  -1.6092770084850161E-018  -1.2645183673174104E-017
   4.1741607266580033E-018   9.3392076316143563E-019   7.5201771001558897E-018
   3.3837776956633654E-018  -1.4743392402600467E-018  -1.1673153399385858E-017
   2.7393065859878501E-018   1.0097812630522151E-018   8.3101364426007149E-018
  -1.5538749660866490E-017   8.2478690757260670E-019   6.7344708895210997E-018
   5.1680366011472419E-018  -1.5465959492171591E-018  -1.2310872820760845E-017
   4.1843037050669160E-018   9.8667458386360701E-019   7.7979284355909137E-018
   3.3980546231954958E-018   7.8913193590048939E-019   6.3149064077552227E-018
   2.7489611662810920E-018  -1.5641905866965911E-018  -1.2654825478197948E-017
  -1.5537961789558875E-017   9.5208460437258205E-019   7.5150649399226256E-018
   5.1731455237176362E-018  -1.4522018671823331E-018  -1.1673826507721930E-017
   4.2023208752536280E-018   1.0228022712884501E-018   8.3073083920821936E-018
   3.3983642152175951E-018   8.3754749564528827E-019   6.7273625913154129E-018
   2.7492645664614974E-018  -1.5340905729075468E-018  -1.2313502144311829E-017
  -1.5537664457384399E-017   9.9459304395571197E-019   7.7888464854776510E-018
   5.1907841440118833E-018   8.0122883547742258E-019   6.3125113096843082E-018
   4.2022594883850494E-018  -1.5740196685594930E-018  -1.2652835865614271E-017
   3.3983040560882055E-018   9.5112572152904372E-019   7.5170147602559231E-018
   2.7492056105153822E-018  -1.4488047636805128E-018  -1.1678420896827628E-017
  -1.5537722234211412E-017   1.0348050501012085E-018   8.3049742951079424E-018
   5.1820539053395491E-018   8.4931021887936823E-019   6.7272435806320803E-018
   4.2023774718659656E-018  -1.5355735302069647E-018  -1.2313618774782948E-017
   3.3984196798990990E-018   9.8012931973298141E-019   7.7909005919604397E-018
   2.7493189218495732E-018   8.1307523788150479E-019   6.3101875253420068E-018
  -1.5537611189102691E-017  -1.5710838115856786E-018  -1.2650776365582694E-017
   5.1908363469279771E-018   9.4532924398386118E-019   7.5125278572527635E-018
   4.2023106472431042E-018  -1.4588221203649758E-018  -1.1680649657423815E-017
   3.3983541917696845E-018   1.0423352753093545E-018   8.3071269184139454E-018
   2.7492547434837164E-018   8.5668983958601700E-019   6.7293531514732558E-018
  -1.5537674083900726E-017  -1.5283415019152970E-018  -1.2311551395355205E-017
   5.1821010926462012E-018   9.8721670745901760E-019   7.7907582194509433E-018
   4.2024237154263824E-018  -1.4264460235362986E-018   6.3078795959356282E-018
   3.3984649985863695E-018   1.0610534241329247E-018  -1.2653038136404499E-017
   2.7493633341611595E-018   8.7069681674341612E-019   7.5146481305347520E-018
  -1.5537567665038893E-017  -1.5146146642993901E-018  -1.1678571789612475E-017
   5.1908790005073709E-018   9.9633219963302800E-019   8.3069948245202104E-018
   4.2023524477470525E-018  -1.4088392238280654E-018   6.7313921037971966E-018
   1.2382617765335276E-018   2.6431160819944260E-018  -7.0294105463527588E-018
  -7.7551044495252370E-018   8.3195921695612530E-019   2.4159578990754197E-017
  -6.2729389014114861E-018   6.6786853715852998E-019   1.5139379504787161E-017
   3.8011590113434603E-018   5.3741733178595552E-019   1.2256190744174505E-017
   3.0789513363160581E-018   4.2692238528175176E-019   9.9228935450852657E-018
  -6.3891657388947113E-018  -1.8757878594036953E-018  -9.7218144915160028E-018
   3.6915935192996790E-018   7.1610821616145884E-019   9.8841774944939400E-018
  -5.8841861907488516E-018   5.7601859982987077E-019  -9.7554194124045910E-018
   4.1149161330998108E-018   4.6908843665317576E-019   9.8620866937506452E-018
   3.3365600157020705E-018  -1.8344651290590334E-018  -9.7770683971328578E-018
  -6.1887509373763600E-018   7.3058363975737425E-019   9.8430390930618333E-018
   3.8836632160979640E-018   5.7719408888432456E-019  -9.7892298327737072E-018
   3.1467950309052424E-018   4.8325084199683091E-019   9.8332892904769146E-018
  -6.3486997703373469E-018  -1.8292595892020948E-018  -9.7922794262719349E-018
   3.7485974032454526E-018   7.3568506881862797E-019   9.8259638801604057E-018
   3.0274409603783954E-018   5.7785668067408806E-019  -9.7929531153469581E-018
  -6.4266354812442902E-018   4.8823699064124607E-019   9.8253036648639746E-018
   3.6765572152462373E-018  -1.8243731635307903E-018  -9.7979369350265945E-018
  -5.8924165556871088E-018   7.4047376597630460E-019   9.8247563302690042E-018
   4.0981767580802118E-018   5.8254960388877266E-019  -9.8093153446571053E-018
   3.3266606412171605E-018   4.9283605539242459E-019   9.8244475105581396E-018
  -6.1941155156817507E-018  -1.8198660800742517E-018  -9.8117863923192894E-018
   3.8762375250132559E-018   7.4055389907290212E-019   9.8198574795027740E-018
   3.1416862579866841E-018   5.8262813432394313E-019  -9.8162846227531430E-018
  -6.3515379634528258E-018   4.9291301521840703E-019   9.8197860223665700E-018
   3.7479843783379110E-018  -1.8197906594453948E-018  -9.8163546507450076E-018
  -5.8571124053759567E-018   7.4062781129065604E-019   9.8197173949352693E-018
   4.1544588688344176E-018   5.8703737698657718E-019  -9.8164219056300240E-018
   3.3514594489275661E-018   4.9289726433841178E-019   9.8196514851477105E-018
  -6.1502970450189362E-018  -1.8198060953071034E-018  -9.8164864972196518E-018
   3.9018323915032480E-018   7.4061268414543439E-019   9.8195881853896338E-018
   3.1559272054224757E-018   5.8268574369534787E-019  -9.8187169353284259E-018
  -6.3440870480007133E-018   4.9296947240153546E-019   9.8195707603897832E-018
   3.7574546798265380E-018  -1.8197353314052017E-018  -9.8187340118299757E-018
   3.0317842827385225E-018   7.4068203276877285E-019   9.8173856210703042E-018
  -6.4180422166399589E-018   5.8709051403515183E-019  -9.8187070440173674E-018
   3.6806418058691958E-018   4.9294933864569181E-019   9.8195804538721975E-018
  -5.8905820612211564E-018  -1.8197550624860495E-018  -9.8187245122139792E-018
   4.1043113713462014E-018   7.4066269630921883E-019   9.8195633350422635E-018
   3.3305041578735663E-018   5.8707156430575823E-019  -9.8187412886686876E-018
  -6.1903488693573927E-018   4.9293076790981574E-019   9.8173784897717608E-018
   3.8647500079966123E-018  -1.8197732618075315E-018  -9.8187140326878407E-018
   3.1391021086899850E-018   7.4064486097446967E-019   9.8195736049742456E-018
  -6.3432284080378368E-018   5.8705408567750216E-019  -9.8187312241343762E-018
   3.7561277426453168E-018   4.9291363885523553E-019   9.8173883530119913E-018
  -5.8513003126999829E-018  -1.8197900482808990E-018  -9.8187043667148366E-018
   4.1493126979322893E-018   7.4062841023020606E-019   9.8195830776301318E-018
   3.3594266275131648E-018   5.8703796394755833E-019  -9.8187219409343541E-018
  -6.1620048491108583E-018   4.9289783956114266E-019   9.8195658548937120E-018
   3.9012007652187058E-018  -1.8198055315903823E-018  -9.8187388192154808E-018
   3.1509714029737025E-018   7.4061323658737687E-019   9.8173809098324296E-018
  -6.3359333083306347E-018   5.8268628508768417E-019  -9.8187116610301625E-018
   3.7589401316667066E-018   4.9297000296741846E-019   9.8195759292023244E-018
  -5.8485441714589103E-018  -1.8197348114506972E-018  -9.8187289463907783E-018
   4.1520137163490856E-018   7.4068254232495493E-019   9.8173905852041120E-018
   3.3599052212156653E-018   5.8709101340000830E-019  -9.8187021791654284E-018
  -6.1506938055571389E-018   4.9294982802319058E-019   9.8195852214294390E-018
   3.9057803748661546E-018  -1.8197545828969895E-018  -9.8187198400086895E-018
   3.1554594204275462E-018   7.4066316630674016E-019   9.8195679138019947E-018
  -1.0735972970006195E-017  -5.8145182253557851E-018  -5.2660344042472462E-017
