      
   9.9999997764825821E-003   1.5000000000000011     
   1.9999999552965164E-002   1.4999999999999998     
   2.9999999329447746E-002   1.4999999999999998     
   3.9999999105930328E-002   1.4999999999999998     
   4.9999998882412910E-002   1.4999999999999998     
   5.9999998658895493E-002   1.4999999999999998     
   6.9999998435378075E-002   1.4999999999999998     
   7.9999998211860657E-002   1.4999999999999998     
   8.9999997988343239E-002   1.4999999999999998     
   9.9999997764825821E-002   1.4999999999999998     
  0.10999999754130840        1.4999999999999998     
  0.11999999731779099        1.4999999999999998     
  0.12999999709427357        1.4999999999999998     
  0.13999999687075615        1.4999999999999998     
  0.14999999664723873        1.4999999999999998     
  0.15999999642372131        1.4999999999999998     
  0.16999999620020390        1.4999999999999998     
  0.17999999597668648        1.5000000000000000     
  0.18999999575316906        1.5000000000000000     
  0.19999999552965164        1.5000000000000000     
  0.20999999530613422        1.5000000000000000     
  0.21999999508261681        1.4999999999999998     
  0.22999999485909939        1.4999999999999998     
  0.23999999463558197        1.4999999999999998     
  0.24999999441206455        1.4999999999999998     
  0.25999999418854713        1.4999999999999998     
  0.26999999396502972        1.4999999999999998     
  0.27999999374151230        1.4999999999999998     
  0.28999999351799488        1.4999999999999998     
  0.29999999329447746        1.4999999999999998     
  0.30999999307096004        1.4999999999999998     
  0.31999999284744263        1.4999999999999998     
  0.32999999262392521        1.5000000000000002     
  0.33999999240040779        1.5000000000000007     
  0.34999999217689037        1.4999999999999998     
  0.35999999195337296        1.4999999999999998     
  0.36999999172985554        1.4999999999999998     
  0.37999999150633812        1.4999999999999998     
  0.38999999128282070        1.4999999999999998     
  0.39999999105930328        1.4999999999999998     
  0.40999999083578587        1.4999999999999998     
  0.41999999061226845        1.4999999999999998     
  0.42999999038875103        1.4999999999999998     
  0.43999999016523361        1.4999999999999998     
  0.44999998994171619        1.4999999999999998     
  0.45999998971819878        1.4999999999999998     
  0.46999998949468136        1.4999999999999998     
  0.47999998927116394        1.4999999999999998     
  0.48999998904764652        1.4999999999999998     
  0.49999998882412910        1.4999999999999998     
  0.50999998860061169        1.4999999999999998     
  0.51999998837709427        1.4999999999999998     
  0.52999998815357685        1.4999999999999998     
  0.53999998793005943        1.4999999999999998     
  0.54999998770654202        1.4999999999999998     
  0.55999998748302460        1.4999999999999998     
  0.56999998725950718        1.4999999999999998     
  0.57999998703598976        1.4999999999999998     
  0.58999998681247234        1.4999999999999998     
  0.59999998658895493        1.4999999999999998     
  0.60999998636543751        1.4999999999999998     
  0.61999998614192009        1.4999999999999998     
  0.62999998591840267        1.4999999999999998     
  0.63999998569488525        1.4999999999999998     
  0.64999998547136784        1.5000000000000002     
  0.65999998524785042        1.5000000000000002     
  0.66999998502433300        1.5000000000000000     
  0.67999998480081558        1.5000000000000000     
  0.68999998457729816        1.5000000000000000     
  0.69999998435378075        1.5000000000000000     
  0.70999998413026333        1.5000000000000000     
  0.71999998390674591        1.5000000000000000     
  0.72999998368322849        1.5000000000000000     
  0.73999998345971107        1.5000000000000000     
  0.74999998323619366        1.5000000000000000     
  0.75999998301267624        1.5000000000000000     
  0.76999998278915882        1.4999999999999993     
  0.77999998256564140        1.5000000000000002     
  0.78999998234212399        1.4999999999999998     
  0.79999998211860657        1.4999999999999998     
  0.80999998189508915        1.4999999999999998     
  0.81999998167157173        1.4999999999999998     
  0.82999998144805431        1.4999999999999998     
  0.83999998122453690        1.5000000000000000     
  0.84999998100101948        1.4999999999999998     
  0.85999998077750206        1.4999999999999998     
  0.86999998055398464        1.4999999999999998     
  0.87999998033046722        1.4999999999999998     
  0.88999998010694981        1.4999999999999998     
  0.89999997988343239        1.5000000000000000     
  0.90999997965991497        1.5000000000000000     
  0.91999997943639755        1.5000000000000000     
  0.92999997921288013        1.5000000000000000     
  0.93999997898936272        1.5000000000000000     
  0.94999997876584530        1.5000000000000000     
  0.95999997854232788        1.5000000000000000     
  0.96999997831881046        1.5000000000000000     
  0.97999997809529305        1.5000000000000000     
  0.98999997787177563        1.5000000000000000     
  0.99999997764825821        1.5000000000000000     
   1.0099999774247408        1.5000000000000000     
   1.0199999772012234        1.5000000000000000     
   1.0299999769777060        1.5000000000000000     
   1.0399999767541885        1.5000000000000000     
   1.0499999765306711        1.5000000000000000     
   1.0599999763071537        1.5000000000000000     
   1.0699999760836363        1.5000000000000000     
   1.0799999758601189        1.5000000000000000     
   1.0899999756366014        1.5000000000000000     
   1.0999999754130840        1.5000000000000000     
   1.1099999751895666        1.5000000000000000     
   1.1199999749660492        1.5000000000000000     
   1.1299999747425318        1.5000000000000000     
   1.1399999745190144        1.5000000000000000     
   1.1499999742954969        1.5000000000000000     
   1.1599999740719795        1.5000000000000000     
   1.1699999738484621        1.5000000000000000     
   1.1799999736249447        1.5000000000000000     
   1.1899999734014273        1.5000000000000000     
   1.1999999731779099        1.5000000000000000     
   1.2099999729543924        1.5000000000000000     
   1.2199999727308750        1.5000000000000000     
   1.2299999725073576        1.5000000000000000     
   1.2399999722838402        1.5000000000000000     
   1.2499999720603228        1.5000000000000000     
   1.2599999718368053        1.5000000000000000     
   1.2699999716132879        1.5000000000000000     
   1.2799999713897705        1.4999999999999998     
   1.2899999711662531        1.5000000000000000     
   1.2999999709427357        1.5000000000000000     
   1.3099999707192183        1.5000000000000000     
   1.3199999704957008        1.5000000000000000     
   1.3299999702721834        1.5000000000000000     
   1.3399999700486660        1.5000000000000000     
   1.3499999698251486        1.5000000000000000     
   1.3599999696016312        1.5000000000000000     
   1.3699999693781137        1.5000000000000000     
   1.3799999691545963        1.5000000000000000     
   1.3899999689310789        1.5000000000000000     
   1.3999999687075615        1.5000000000000000     
   1.4099999684840441        1.5000000000000000     
   1.4199999682605267        1.5000000000000000     
   1.4299999680370092        1.5000000000000000     
   1.4399999678134918        1.5000000000000000     
   1.4499999675899744        1.5000000000000000     
   1.4599999673664570        1.5000000000000000     
   1.4699999671429396        1.5000000000000000     
   1.4799999669194221        1.5000000000000000     
   1.4899999666959047        1.5000000000000000     
   1.4999999664723873        1.5000000000000000     
   1.5099999662488699        1.5000000000000000     
   1.5199999660253525        1.5000000000000000     
   1.5299999658018351        1.5000000000000000     
   1.5399999655783176        1.5000000000000000     
   1.5499999653548002        1.5000000000000000     
   1.5599999651312828        1.5000000000000000     
   1.5699999649077654        1.5000000000000000     
   1.5799999646842480        1.5000000000000000     
   1.5899999644607306        1.5000000000000000     
   1.5999999642372131        1.5000000000000000     
   1.6099999640136957        1.5000000000000000     
   1.6199999637901783        1.5000000000000000     
   1.6299999635666609        1.5000000000000000     
   1.6399999633431435        1.5000000000000000     
   1.6499999631196260        1.5000000000000000     
   1.6599999628961086        1.5000000000000000     
   1.6699999626725912        1.5000000000000000     
   1.6799999624490738        1.5000000000000000     
   1.6899999622255564        1.5000000000000000     
   1.6999999620020390        1.5000000000000000     
   1.7099999617785215        1.5000000000000000     
   1.7199999615550041        1.5000000000000000     
   1.7299999613314867        1.5000000000000000     
   1.7399999611079693        1.5000000000000000     
   1.7499999608844519        1.5000000000000000     
   1.7599999606609344        1.5000000000000000     
   1.7699999604374170        1.5000000000000000     
   1.7799999602138996        1.5000000000000000     
   1.7899999599903822        1.5000000000000000     
   1.7999999597668648        1.5000000000000000     
   1.8099999595433474        1.5000000000000000     
   1.8199999593198299        1.5000000000000000     
   1.8299999590963125        1.5000000000000000     
   1.8399999588727951        1.5000000000000000     
   1.8499999586492777        1.5000000000000000     
   1.8599999584257603        1.5000000000000000     
   1.8699999582022429        1.5000000000000000     
   1.8799999579787254        1.5000000000000000     
   1.8899999577552080        1.5000000000000000     
   1.8999999575316906        1.5000000000000000     
   1.9099999573081732        1.5000000000000000     
   1.9199999570846558        1.5000000000000000     
   1.9299999568611383        1.5000000000000000     
   1.9399999566376209        1.5000000000000000     
   1.9499999564141035        1.5000000000000000     
   1.9599999561905861        1.5000000000000000     
   1.9699999559670687        1.5000000000000007     
   1.9799999557435513        1.4999999999999998     
   1.9899999555200338        1.4999999999999998     
   1.9999999552965164        1.4999999999999998     
   2.0099999550729990        1.4999999999999998     
   2.0199999548494816        1.4999999999999998     
   2.0299999546259642        1.4999999999999998     
   2.0399999544024467        1.4999999999999998     
   2.0499999541789293        1.4999999999999998     
   2.0599999539554119        1.5000000000000002     
   2.0699999537318945        1.5000000000000000     
   2.0799999535083771        1.5000000000000000     
   2.0899999532848597        1.5000000000000000     
   2.0999999530613422        1.5000000000000000     
   2.1099999528378248        1.5000000000000000     
   2.1199999526143074        1.5000000000000000     
   2.1299999523907900        1.5000000000000000     
   2.1399999521672726        1.5000000000000000     
   2.1499999519437551        1.5000000000000000     
   2.1599999517202377        1.5000000000000000     
   2.1699999514967203        1.5000000000000000     
   2.1799999512732029        1.5000000000000000     
   2.1899999510496855        1.5000000000000000     
   2.1999999508261681        1.5000000000000000     
   2.2099999506026506        1.5000000000000000     
   2.2199999503791332        1.5000000000000000     
   2.2299999501556158        1.5000000000000000     
   2.2399999499320984        1.5000000000000000     
   2.2499999497085810        1.5000000000000000     
   2.2599999494850636        1.5000000000000000     
   2.2699999492615461        1.5000000000000000     
   2.2799999490380287        1.5000000000000000     
   2.2899999488145113        1.5000000000000000     
   2.2999999485909939        1.5000000000000000     
   2.3099999483674765        1.5000000000000000     
   2.3199999481439590        1.5000000000000000     
   2.3299999479204416        1.5000000000000000     
   2.3399999476969242        1.5000000000000000     
   2.3499999474734068        1.5000000000000000     
   2.3599999472498894        1.5000000000000007     
   2.3699999470263720        1.4999999999999998     
   2.3799999468028545        1.4999999999999998     
   2.3899999465793371        1.4999999999999998     
   2.3999999463558197        1.4999999999999998     
   2.4099999461323023        1.4999999999999998     
   2.4199999459087849        1.4999999999999998     
   2.4299999456852674        1.4999999999999998     
   2.4399999454617500        1.4999999999999998     
   2.4499999452382326        1.4999999999999998     
   2.4599999450147152        1.4999999999999998     
   2.4699999447911978        1.4999999999999998     
   2.4799999445676804        1.4999999999999998     
   2.4899999443441629        1.4999999999999998     
   2.4999999441206455        1.4999999999999998     
   2.5099999438971281        1.4999999999999998     
   2.5199999436736107        1.4999999999999998     
   2.5299999434500933        1.4999999999999998     
   2.5399999432265759        1.4999999999999998     
   2.5499999430030584        1.4999999999999998     
   2.5599999427795410        1.4999999999999998     
   2.5699999425560236        1.4999999999999998     
   2.5799999423325062        1.4999999999999998     
   2.5899999421089888        1.4999999999999998     
   2.5999999418854713        1.4999999999999998     
   2.6099999416619539        1.4999999999999998     
   2.6199999414384365        1.4999999999999998     
   2.6299999412149191        1.4999999999999998     
   2.6399999409914017        1.4999999999999998     
   2.6499999407678843        1.4999999999999998     
   2.6599999405443668        1.4999999999999998     
   2.6699999403208494        1.4999999999999998     
   2.6799999400973320        1.4999999999999998     
   2.6899999398738146        1.4999999999999998     
   2.6999999396502972        1.4999999999999998     
   2.7099999394267797        1.4999999999999998     
   2.7199999392032623        1.5000000000000002     
   2.7299999389797449        1.5000000000000002     
   2.7399999387562275        1.5000000000000000     
   2.7499999385327101        1.5000000000000000     
   2.7599999383091927        1.5000000000000000     
   2.7699999380856752        1.5000000000000000     
   2.7799999378621578        1.5000000000000000     
   2.7899999376386404        1.5000000000000000     
   2.7999999374151230        1.5000000000000000     
   2.8099999371916056        1.5000000000000000     
   2.8199999369680882        1.5000000000000000     
   2.8299999367445707        1.5000000000000000     
   2.8399999365210533        1.5000000000000000     
   2.8499999362975359        1.5000000000000000     
   2.8599999360740185        1.5000000000000000     
   2.8699999358505011        1.5000000000000000     
   2.8799999356269836        1.5000000000000000     
   2.8899999354034662        1.5000000000000000     
   2.8999999351799488        1.5000000000000000     
   2.9099999349564314        1.5000000000000000     
   2.9199999347329140        1.5000000000000000     
   2.9299999345093966        1.5000000000000000     
   2.9399999342858791        1.5000000000000000     
   2.9499999340623617        1.5000000000000000     
   2.9599999338388443        1.5000000000000000     
   2.9699999336153269        1.5000000000000000     
   2.9799999333918095        1.5000000000000000     
   2.9899999331682920        1.4999999999999998     
   2.9999999329447746        1.4999999999999998     
   3.0099999327212572        1.4999999999999998     
   3.0199999324977398        1.4999999999999998     
   3.0299999322742224        1.4999999999999998     
   3.0399999320507050        1.5000000000000000     
   3.0499999318271875        1.4999999999999998     
   3.0599999316036701        1.4999999999999998     
   3.0699999313801527        1.4999999999999998     
   3.0799999311566353        1.5000000000000000     
   3.0899999309331179        1.5000000000000002     
   3.0999999307096004        1.5000000000000000     
   3.1099999304860830        1.5000000000000000     
   3.1199999302625656        1.5000000000000000     
   3.1299999300390482        1.5000000000000000     
   3.1399999298155308        1.5000000000000000     
   3.1499999295920134        1.5000000000000000     
   3.1599999293684959        1.5000000000000000     
   3.1699999291449785        1.5000000000000000     
   3.1799999289214611        1.5000000000000000     
   3.1899999286979437        1.5000000000000000     
   3.1999999284744263        1.5000000000000000     
   3.2099999282509089        1.5000000000000000     
   3.2199999280273914        1.4999999999999998     
   3.2299999278038740        1.4999999999999998     
   3.2399999275803566        1.4999999999999998     
   3.2499999273568392        1.4999999999999998     
   3.2599999271333218        1.4999999999999998     
   3.2699999269098043        1.4999999999999998     
   3.2799999266862869        1.4999999999999998     
   3.2899999264627695        1.4999999999999998     
   3.2999999262392521        1.4999999999999998     
   3.3099999260157347        1.4999999999999998     
   3.3199999257922173        1.4999999999999998     
   3.3299999255686998        1.4999999999999998     
   3.3399999253451824        1.4999999999999998     
   3.3499999251216650        1.4999999999999998     
   3.3599999248981476        1.4999999999999998     
   3.3699999246746302        1.4999999999999998     
   3.3799999244511127        1.4999999999999998     
   3.3899999242275953        1.4999999999999998     
   3.3999999240040779        1.4999999999999998     
   3.4099999237805605        1.4999999999999998     
   3.4199999235570431        1.4999999999999998     
   3.4299999233335257        1.4999999999999998     
   3.4399999231100082        1.4999999999999998     
   3.4499999228864908        1.4999999999999998     
   3.4599999226629734        1.4999999999999998     
   3.4699999224394560        1.4999999999999998     
   3.4799999222159386        1.4999999999999998     
   3.4899999219924212        1.4999999999999998     
   3.4999999217689037        1.4999999999999998     
   3.5099999215453863        1.4999999999999998     
   3.5199999213218689        1.4999999999999998     
   3.5299999210983515        1.5000000000000000     
   3.5399999208748341        1.5000000000000000     
   3.5499999206513166        1.5000000000000000     
   3.5599999204277992        1.4999999999999998     
   3.5699999202042818        1.5000000000000002     
   3.5799999199807644        1.5000000000000000     
   3.5899999197572470        1.5000000000000000     
   3.5999999195337296        1.5000000000000000     
   3.6099999193102121        1.5000000000000000     
   3.6199999190866947        1.5000000000000000     
   3.6299999188631773        1.5000000000000000     
   3.6399999186396599        1.5000000000000000     
   3.6499999184161425        1.5000000000000000     
   3.6599999181926250        1.5000000000000000     
   3.6699999179691076        1.5000000000000000     
   3.6799999177455902        1.5000000000000000     
   3.6899999175220728        1.5000000000000000     
   3.6999999172985554        1.5000000000000000     
   3.7099999170750380        1.5000000000000000     
   3.7199999168515205        1.5000000000000000     
   3.7299999166280031        1.5000000000000000     
   3.7399999164044857        1.5000000000000000     
   3.7499999161809683        1.5000000000000000     
   3.7599999159574509        1.5000000000000000     
   3.7699999157339334        1.5000000000000000     
   3.7799999155104160        1.5000000000000000     
   3.7899999152868986        1.5000000000000000     
   3.7999999150633812        1.5000000000000000     
   3.8099999148398638        1.4999999999999998     
   3.8199999146163464        1.5000000000000000     
   3.8299999143928289        1.5000000000000000     
   3.8399999141693115        1.5000000000000000     
   3.8499999139457941        1.5000000000000000     
   3.8599999137222767        1.5000000000000002     
   3.8699999134987593        1.5000000000000000     
   3.8799999132752419        1.5000000000000000     
   3.8899999130517244        1.5000000000000000     
   3.8999999128282070        1.5000000000000000     
   3.9099999126046896        1.5000000000000000     
   3.9199999123811722        1.5000000000000000     
   3.9299999121576548        1.5000000000000000     
   3.9399999119341373        1.5000000000000000     
   3.9499999117106199        1.5000000000000000     
   3.9599999114871025        1.5000000000000000     
   3.9699999112635851        1.5000000000000000     
   3.9799999110400677        1.5000000000000000     
   3.9899999108165503        1.5000000000000000     
   3.9999999105930328        1.5000000000000000     
   4.0099999103695154        1.5000000000000000     
   4.0199999101459980        1.5000000000000000     
   4.0299999099224806        1.5000000000000000     
   4.0399999096989632        1.5000000000000000     
   4.0499999094754457        1.5000000000000000     
   4.0599999092519283        1.5000000000000000     
   4.0699999090284109        1.5000000000000000     
   4.0799999088048935        1.5000000000000000     
   4.0899999085813761        1.5000000000000000     
   4.0999999083578587        1.5000000000000000     
   4.1099999081343412        1.5000000000000000     
   4.1199999079108238        1.5000000000000000     
   4.1299999076873064        1.5000000000000000     
   4.1399999074637890        1.5000000000000000     
   4.1499999072402716        1.5000000000000000     
   4.1599999070167542        1.5000000000000000     
   4.1699999067932367        1.5000000000000000     
   4.1799999065697193        1.5000000000000000     
   4.1899999063462019        1.5000000000000000     
   4.1999999061226845        1.5000000000000000     
   4.2099999058991671        1.5000000000000000     
   4.2199999056756496        1.5000000000000000     
   4.2299999054521322        1.5000000000000000     
   4.2399999052286148        1.5000000000000000     
   4.2499999050050974        1.5000000000000000     
   4.2599999047815800        1.5000000000000000     
   4.2699999045580626        1.5000000000000000     
   4.2799999043345451        1.5000000000000000     
   4.2899999041110277        1.5000000000000000     
   4.2999999038875103        1.5000000000000000     
   4.3099999036639929        1.5000000000000000     
   4.3199999034404755        1.5000000000000000     
   4.3299999032169580        1.5000000000000000     
   4.3399999029934406        1.5000000000000000     
   4.3499999027699232        1.5000000000000000     
   4.3599999025464058        1.5000000000000000     
   4.3699999023228884        1.5000000000000000     
   4.3799999020993710        1.5000000000000000     
   4.3899999018758535        1.5000000000000000     
   4.3999999016523361        1.4999999999999998     
   4.4099999014288187        1.5000000000000000     
   4.4199999012053013        1.5000000000000000     
   4.4299999009817839        1.5000000000000000     
   4.4399999007582664        1.5000000000000000     
   4.4499999005347490        1.5000000000000000     
   4.4599999003112316        1.5000000000000000     
   4.4699999000877142        1.5000000000000000     
   4.4799998998641968        1.5000000000000000     
   4.4899998996406794        1.5000000000000000     
   4.4999998994171619        1.5000000000000000     
   4.5099998991936445        1.5000000000000000     
   4.5199998989701271        1.5000000000000000     
   4.5299998987466097        1.5000000000000000     
   4.5399998985230923        1.5000000000000000     
   4.5499998982995749        1.5000000000000000     
   4.5599998980760574        1.5000000000000000     
   4.5699998978525400        1.5000000000000000     
   4.5799998976290226        1.5000000000000000     
   4.5899998974055052        1.5000000000000000     
   4.5999998971819878        1.5000000000000000     
   4.6099998969584703        1.5000000000000000     
   4.6199998967349529        1.5000000000000000     
   4.6299998965114355        1.5000000000000000     
   4.6399998962879181        1.5000000000000000     
   4.6499998960644007        1.5000000000000000     
   4.6599998958408833        1.5000000000000000     
   4.6699998956173658        1.5000000000000000     
   4.6799998953938484        1.5000000000000000     
   4.6899998951703310        1.5000000000000000     
   4.6999998949468136        1.5000000000000000     
   4.7099998947232962        1.5000000000000000     
   4.7199998944997787        1.5000000000000000     
   4.7299998942762613        1.5000000000000000     
   4.7399998940527439        1.5000000000000000     
   4.7499998938292265        1.5000000000000000     
   4.7599998936057091        1.5000000000000000     
   4.7699998933821917        1.5000000000000000     
   4.7799998931586742        1.5000000000000000     
   4.7899998929351568        1.5000000000000000     
   4.7999998927116394        1.5000000000000000     
   4.8099998924881220        1.5000000000000000     
   4.8199998922646046        1.5000000000000000     
   4.8299998920410872        1.5000000000000000     
   4.8399998918175697        1.5000000000000000     
   4.8499998915940523        1.5000000000000000     
   4.8599998913705349        1.5000000000000000     
   4.8699998911470175        1.5000000000000000     
   4.8799998909235001        1.5000000000000000     
   4.8899998906999826        1.5000000000000000     
   4.8999998904764652        1.5000000000000000     
   4.9099998902529478        1.5000000000000000     
   4.9199998900294304        1.5000000000000000     
   4.9299998898059130        1.5000000000000000     
   4.9399998895823956        1.5000000000000000     
   4.9499998893588781        1.5000000000000000     
   4.9599998891353607        1.5000000000000000     
   4.9699998889118433        1.5000000000000000     
   4.9799998886883259        1.5000000000000000     
   4.9899998884648085        1.4999999999999998     
