0 11.756972
0.1 11.75697
0.2 11.75697
0.30000001 11.756968
0.40000001 11.75697
0.5 11.756972
0.60000002 11.75697
0.70000005 11.756971
0.80000007 11.756968
0.9000001 11.75697
1.0000001 11.75697
1.1000001 11.756968
1.2000002 11.756968
1.3000002 11.756968
1.4000002 11.756971
1.5000002 11.756972
1.6000003 11.75697
1.7000003 11.756968
1.8000003 11.756968
1.9000003 11.756968
2.0000002 11.756966
2.1000001 11.75697
2.2 11.75697
2.3 11.756968
2.3999999 11.756968
2.4999998 11.756964
2.5999997 11.756968
2.6999996 11.756966
2.7999995 11.756966
2.8999994 11.75697
2.9999993 11.756968
3.0999992 11.756967
3.1999991 11.756965
3.299999 11.756966
3.3999989 11.756964
3.4999988 11.756968
3.5999987 11.756968
3.6999986 11.756968
3.7999985 11.756964
3.8999984 11.75697
3.9999983 11.756968
4.0999985 11.756965
4.1999984 11.756966
4.2999983 11.756964
4.3999982 11.756963
4.4999981 11.756965
4.599998 11.756966
4.6999979 11.756967
4.7999978 11.756965
4.8999977 11.756965
4.9999976 11.756964
5.0999975 11.756962
5.1999974 11.756961
5.2999973 11.756965
5.3999972 11.756962
5.4999971 11.75696
5.599997 11.756965
5.699997 11.756961
5.7999969 11.756961
5.8999968 11.75696
5.9999967 11.756958
6.0999966 11.756961
6.1999965 11.756962
6.2999964 11.756964
6.3999963 11.756965
6.4999962 11.756964
6.5999961 11.756961
6.699996 11.756961
6.7999959 11.756963
6.8999958 11.756963
6.9999957 11.756963
7.0999956 11.756963
7.1999955 11.756963
7.2999954 11.756964
7.3999953 11.756961
7.4999952 11.756962
7.5999951 11.756964
7.699995 11.756962
7.799995 11.756967
7.8999949 11.756963
7.9999947 11.756965
8.0999947 11.756966
8.199995 11.756966
8.2999954 11.756965
8.3999958 11.756965
8.4999962 11.756964
8.5999966 11.756961
8.699997 11.756959
8.7999973 11.756961
8.8999977 11.75696
8.9999981 11.756961
9.0999985 11.756961
9.1999989 11.75696
9.2999992 11.756958
9.3999996 11.756959
9.5 11.75696
9.6000004 11.756961
9.7000008 11.756959
9.8000011 11.75696
9.9000015 11.756959
10.000002 11.756959
10.100002 11.756956
10.200003 11.75696
10.300003 11.75696
10.400003 11.756958
10.500004 11.756962
10.600004 11.756962
10.700005 11.756962
10.800005 11.756956
10.900005 11.756958
11.000006 11.756958
11.100006 11.756961
11.200006 11.756957
11.300007 11.75696
11.400007 11.756959
11.500008 11.75696
11.600008 11.756961
11.700008 11.756955
11.800009 11.756958
11.900009 11.756956
12.000009 11.756958
12.10001 11.756958
12.20001 11.756955
12.300011 11.756954
12.400011 11.756955
12.500011 11.756957
12.600012 11.756958
12.700012 11.756954
12.800013 11.756951
12.900013 11.756951
13.000013 11.756952
13.100014 11.756953
13.200014 11.756955
13.300014 11.756953
13.400015 11.756956
13.500015 11.756952
13.600016 11.756952
13.700016 11.756951
13.800016 11.756953
13.900017 11.756951
14.000017 11.756953
14.100017 11.756954
14.200018 11.756949
14.300018 11.756952
14.400019 11.75695
14.500019 11.756951
14.60002 11.756951
14.70002 11.756951
14.80002 11.756949
14.900021 11.756949
15.000021 11.756954
15.100021 11.75695
15.200022 11.756952
15.300022 11.75695
15.400022 11.756954
15.500023 11.75695
15.600023 11.756952
15.700024 11.756951
15.800024 11.756955
15.900024 11.75695
16.000025 11.756953
16.100025 11.756952
16.200026 11.756953
16.300026 11.756952
16.400026 11.756949
16.500027 11.75695
16.600027 11.756951
16.700028 11.756952
16.800028 11.75695
16.900028 11.756949
17.000029 11.75695
17.100029 11.75695
17.200029 11.75695
17.30003 11.756949
17.40003 11.75695
17.50003 11.756949
17.600031 11.756951
17.700031 11.756947
17.800032 11.756951
17.900032 11.756949
18.000032 11.756947
18.100033 11.756949
18.200033 11.756949
18.300034 11.756949
18.400034 11.756946
18.500034 11.756949
18.600035 11.756945
18.700035 11.756949
18.800035 11.756949
18.900036 11.756947
19.000036 11.756947
19.100037 11.756945
19.200037 11.756946
19.300037 11.756949
19.400038 11.756949
19.500038 11.756949
19.600039 11.756949
19.700039 11.756944
19.800039 11.756946
19.90004 11.756944
20.00004 11.756947
20.10004 11.756945
20.200041 11.756947
20.300041 11.756949
20.400042 11.756949
20.500042 11.756947
20.600042 11.756949
20.700043 11.756947
20.800043 11.756946
20.900043 11.756947
21.000044 11.756943
21.100044 11.756944
21.200045 11.756947
21.300045 11.756945
21.400045 11.756946
21.500046 11.756945
21.600046 11.756945
21.700046 11.756945
21.800047 11.756943
21.900047 11.756945
22.000048 11.756943
22.100048 11.756946
22.200048 11.756942
22.300049 11.756941
22.400049 11.756943
22.50005 11.756944
22.60005 11.756944
22.70005 11.756941
22.800051 11.756944
22.900051 11.756943
23.000051 11.756941
23.100052 11.756939
23.200052 11.756943
23.300053 11.756937
23.400053 11.75694
23.500053 11.756937
23.600054 11.756939
23.700054 11.756938
23.800055 11.75694
23.900055 11.756941
24.000055 11.756942
24.100056 11.75694
24.200056 11.756939
24.300057 11.75694
24.400057 11.756937
24.500057 11.75694
24.600058 11.756937
24.700058 11.756937
24.800058 11.756941
24.900059 11.756939
25.000059 11.75694
25.10006 11.756938
25.20006 11.756941
25.30006 11.756939
25.400061 11.75694
25.500061 11.756941
25.600061 11.756939
25.700062 11.756942
25.800062 11.756938
25.900063 11.756937
26.000063 11.756937
26.100063 11.75694
26.200064 11.75694
26.300064 11.75694
26.400064 11.756937
26.500065 11.756937
26.600065 11.756936
26.700066 11.756937
26.800066 11.756933
26.900066 11.756939
27.000067 11.756937
27.100067 11.756936
27.200067 11.756937
27.300068 11.756938
27.400068 11.756935
27.500069 11.756937
27.600069 11.756933
27.700069 11.756931
27.80007 11.756935
27.90007 11.756937
28.000071 11.756935
28.100071 11.756932
28.200071 11.756933
28.300072 11.756934
28.400072 11.75693
28.500072 11.756931
28.600073 11.756932
28.700073 11.756933
28.800074 11.756935
28.900074 11.75693
29.000074 11.756931
29.100075 11.756928
29.200075 11.756932
29.300075 11.756929
29.400076 11.756933
29.500076 11.756933
29.600077 11.756931
29.700077 11.75693
29.800077 11.75693
29.900078 11.756933
30.000078 11.756931

