 -0.84975427146414528       -1.3837963446970274       0.39737991739229495     
  0.91478545362297958       0.80222228136847007        1.1388818019853140     
  -1.1507844681009609       0.84811562944513919        1.5161965885280335     
  0.21683057868664998      -0.38503395958873304      -0.22039237372603640     
 -0.31785748498325367       0.40984468534438223      -0.73943645462433916     
 -0.43162751627643442       0.19029758942587782       -1.3781004066459179     
   1.5645785534423340       -1.4707477513058189      -0.19299391002075053     
  0.79399266029162396       0.26760334991747653      -0.67696766458103819     
  0.16965891341141823        1.0239811329522506        1.2388802067788651     
  0.85513838610004689       -3.4363628531590668E-002 -0.60663696811887269     
  -1.7227411562174497      -0.46038049574597933       -1.1312897856515165     
 -0.94048461243380210        1.7066306942483926      -0.32956202604138929     
  -3.5287394065798783E-002  0.58556917870260794       -1.6825147651218708     
  -5.4572587933763961E-002 -0.54460415404152207       -2.9108457312518441     
 -0.80438280497866987       0.32905614328028854        1.2666244513100371     
  -1.3184170697382469       0.86861604846808016       0.16594401193375752     
  -1.3118208833022547       -1.3288176296976013       -1.9852030909814748     
 -0.44530185818286017      -0.41108644529376259       0.59471073196030921     
 -0.98355930092931831      -0.75412690950760564      -0.87476525066303779     
   2.0926918472151668      -0.55930057175539782        1.4185955208334964     
   1.2434498803202640       0.41506446905683636       0.99301989034075466     
  -1.1413193735516871        4.0980240281574057E-002 -0.55505653415408873     
  0.36289774994303631      -0.12307457129358969       -1.3781566417892024     
  0.45200510307714059       -1.0088051663839053       -1.0151235708753448     
   3.2024467844073763E-002  -1.0385751003748955      -0.81204761213687626     
  -6.8435764364098550E-003 -0.29935557564713422       0.40046986160161208     
  0.77493331146604105      -0.12842886740050097      -0.79125153591565578     
  -1.3096238393887598      -0.58311007416549177       0.97849210231326111     
  0.40259175127069147        2.3187673306826820E-003  0.44420850670621170     
   2.3937740250110249       0.76414649809356461       -8.8652624381760914E-002
  0.46373385631340824       -1.1933445058703085       -1.7389898088844749     
 -0.81796922158003715      -0.20917610208630405        1.4492610593582478     
   6.7927684086958068E-002  0.84927128183925138        1.0982843236200308     
 -0.63078516848130073       0.68460452512495518      -0.34773530419196663     
 -0.29960707284702592       0.45120625675698589       0.74425062720963753     
   2.1290240862404821       0.52626856334035133      -0.95735213237422101     
 -0.46060502854791874      -0.34582593047881832       -1.3487690547196558     
 -0.90187285513532667       0.93101484648394051      -0.83974431441414787     
  0.57029171506530274       0.34838048504387070      -0.37584220084858400     
  -7.7617375934954019E-002  0.96622126975996592       0.66517055004032977     
  0.78858128121780968      -0.23351870744423570       -4.1023446071929148E-004
   1.4874924442958217       0.40742507703706343       0.41258235643313995     
 -0.33691230394954469       0.54913541016855871        1.0369662148608478     
  -1.2887835926467435        1.1040015849785887       0.98866790461856158     
 -0.64395598237027352        1.1766779131947223        1.8261095366966777     
   3.5059479730613789E-002  -8.8447831302042104E-002 -0.26999268724987263     
   1.0005081340353479       0.71724587460439337        1.4511025578923598     
  -1.4520373653554046      -0.34354597126041020      -0.15549636813249942     
  -1.3369067479567103       -1.2515167083066190       -1.3311342540223272     
  -1.0013316838711064      -0.88160599990976518        7.4639489103765708E-002
   1.4058370992547524       -8.9242441774133638E-002  0.26818039797695115     
 -0.93517677061062054       -1.8542629264848045       0.60582422556199034     
 -0.19144832931232433      -0.43500788230686244        5.5387688423337453E-002
 -0.28720565461067615      -0.28854473100530653      -0.77254914578152023     
  0.15869967692150971       0.21960448371695873       -1.3940178308793292     
   6.2671137180739689E-002   1.3787905074233016        9.6730042874775633E-003
  0.60585215763369971       -1.3484943040181290       0.47439249764137209     
 -0.15691032949302980        1.1650507168002808        1.2107501365699718     
 -0.17898557719468164       0.67279931019675554        1.0717951215746935     
 -0.84176635215376316       0.99675875867865249        1.1197326287354259     
 -0.27111169929005535       0.52136638324689433      -0.87101663313434796     
  0.54507788159964443      -0.99903623258110663       -2.4301045146808482     
 -0.51882640918959733       -1.2195048479654709        3.0131175827896969E-002
 -0.45128088808660682       -1.5343952006615653      -0.99191594247613057     
  0.84362728150470923        1.8849650296341260      -0.51467703866651582     
 -0.52473688353324133        6.3745890483338855E-003   1.2372080910297765     
  0.40315337206107660       0.89730778847594150      -0.14825939053925391     
  0.27786143264373830        5.5131506303548544E-002   1.4619444781738904     
   2.0632414436858610       0.56091917367320365        5.2937052334502910E-002
  0.76255810448292460       -1.2419973133052942       0.76028652255950169     
   1.3078110438479289      -0.20182767721370115        1.1888309076477539     
 -0.89868466294402094        9.6833944431496344E-002 -0.79441279846784685     
 -0.37688601165598462      -0.24081244492857845      -0.88011933639695739     
   1.4575565667368162       0.12253591210921524       -8.0824615930642760E-002
 -0.71148632232197917        1.0455830443648084      -0.87418250090305138     
  0.76658112521456412       -2.1496922740775868       0.45092932276547698     
  -1.0426012096469701       0.97836597984606444      -0.92526031101531481     
  -1.3365832614217790       0.90475094746184681      -0.16451160326305658     
  -1.8467959650818149      -0.50531526379858871       0.54748757396973768     
  0.56615644249875685        2.2122613928329771      -0.34107814942473619     
   1.1284161015247958      -0.60051875832085222       -1.2808134113316268E-002
 -0.70816945678283572      -0.30964775201696015       0.99233754106525751     
  0.75200495069558160       0.51792386525880618      -0.82524978631957457     
 -0.44198140923261608       -1.5264349091404810       0.14847214398970221     
  -1.2387065310585914       -1.7139254860082216        9.7404115855768678E-002
 -0.29777941092079407       0.37967563255030606       0.81737593694791288     
  -1.1386558201830006       -1.0256622210083879       0.11227444751297101     
  0.89502215375932526       0.31009697306736694       0.12453164735042724     
 -0.62504695374750008       -1.8020187050102783      -0.34117382533421503     
  0.76730309531635377       -2.2210246610642477      -0.91156625436312988     
 -0.11746530491462140       0.90650475054885693      -0.99069724383830238     
 -0.32653038905039744      -0.51657060788049802       -1.8766516767093471     
  0.56385546049261226       0.97542384883795530       -1.4878734750235572     
   1.6990928765088320      -0.11908609743527405       -1.0594392182279355     
  0.40656910855614464        1.6043957522508643      -0.67146835502972613     
 -0.97501672299034381       0.10039251756978966      -0.79747318077396701     
  0.87168309773285180        3.8256126906015452E-002   1.9379790728933199     
  -1.6560749253158566        7.2775156906322594E-002  -1.7994240120491800     
  -1.3230616341294301       0.31338674086041607       0.92235427575671436     
  0.41938606808767381      -0.65977446612961188       0.38336824379753109     
  -1.1454655721806608       -1.0821791413136603      -0.96270659364856326     
   1.4326547860751035        1.2528171505128836       -6.4605370324929079E-002
  0.17661627815540945      -0.56452612797684099       0.20389910428286634     
   1.8042829399551936       -1.5646457874689408       -2.0437431146714840     
 -0.40387639238116951       -1.5847143871958127      -0.47518254235121155     
   1.1477535832768651      -0.49338676948213472       0.48407790080995505     
  -1.8766927219601925        1.9719530612578977       0.30715124057405929     
  -1.2261513637169106       0.55092976474747801      -0.70791154307613835     
 -0.46916505744532894      -0.37727475945118677      -0.81800435530150362     
  0.11834040585655188       0.60099506562463079      -0.21126951549216849     
 -0.98418976918348577        1.2969558767725862      -0.11321922916004516     
   1.1975582870412902      -0.41614835753923735       -4.9935231669993266E-002
  0.93776659706785992       0.33355519693597535       -1.0199186645595624     
  0.21273463780184843        1.3461810534180074       0.42426726121980007     
   2.5915438947017186       0.46657719566711980      -0.88769568611374738     
  -1.0410912459657873       -1.3247155184882173       0.99964119276305463     
 -0.33354145979261113        7.8843056182528543E-002  -3.4680159925972093E-002
  -1.2512577925994619       0.29356543703737092       -1.1289582047412026     
  0.97820092416804949       0.69051553989410497       0.48440792846395303     
 -0.80222175254326578      -0.88358391061545771       0.60043958450206969     
  0.23678912370182253       0.37312247126390685       0.51921149685297241     
  0.39981550884729694       0.51926957299078880       -9.9037829392501706E-002
   1.0070386865382328       0.45682133415786508      -0.70871740483013712     
  0.14822251032232742      -0.50918148681818332        2.1113813231682039     
  -1.1046450904179148      -0.60807692940118396      -0.17133125874577407     
  0.16649248292299706        8.2082249064384938E-002   2.9761725674973856     
  -6.9620036224829956E-002  0.69357494174317380       0.23575806666204605     
  -1.1564034894906543      -0.58815786564654515      -0.33363386792493233     
   7.9462390460442650E-002  0.92154565513618958      -0.44208549478312542     
  0.37944300170042472        1.8259104266197927       -2.1654293553517943     
 -0.89249426499542339      -0.44480672930343995       0.57648631319776378     
 -0.23594023077044593      -0.25047849266012773       0.91934412167714674     
 -0.15081242931628117        9.3936408876520133E-002 -0.93547329019130776     
   1.2449659596689027       0.15219287873874371       -1.8156266281175155     
 -0.26996778042775083        1.7037132197713760       0.74638625375237622     
   1.6981916237328893      -0.54925724974320667       -1.2064795355673754     
  0.87308958414936866      -0.74402053626963649       -8.0241560564195569E-002
 -0.70743668233168289       -3.4185472769679301E-002  0.23395546317293725     
   3.9753258651363400E-002  -1.4663066816586769      -0.71167303503941037     
 -0.25680635875177282      -0.80188359212846039       0.55548954420640084     
  0.18327275888575861        1.5192475961037233      -0.64700896588103651     
 -0.50501006317134967       -1.7241298440624528       -5.3678558975737187E-002
   1.2851253779289806      -0.77082756834924093       -1.1778026684965313     
  0.51898488395275755       -4.6271207386500215E-002  0.92241644899151276     
  0.53665670146767830      -0.49985710159105007       0.50106358867867062     
  0.34453489695219625       -1.1165669865726644      -0.10962530860851041     
   8.4895265562755548E-002  -7.5038151819705703E-002  -6.7766034858866980E-003
   4.1355053205414737E-002 -0.82127890731942699       -1.7812982876319201     
  -2.0651815864324079      -0.58094878100994962       0.74755896511792330     
  -1.0012160298741830       0.20753155791601191       0.47173855816769250     
  0.32750473530651603       0.11942760269606266       0.80556702084944820     
  0.75591630706179624       0.55198260985431991       0.84807094549385520     
 -0.77747555057494988        2.3436831476415150       0.99299845027566602     
  -1.3191399152487857       0.68702422914657058      -0.70797061335461842     
   1.2802992262862820       -1.3991867534557414      -0.50088092218369384     
   1.5524662178753905       0.94543202464780907       0.90511841091896239     
   1.4597799947209142      -0.34623678141793107       -7.9562708543992666E-002
  0.71891057923086510      -0.86364593222887942      -0.82041219883402816     
  0.26333833893240510       0.54704735972747454       -1.2425254569569926     
  0.95144129108286624      -0.93447412637862393        1.0545925559365785     
 -0.91125381701708108       0.50982857264415382      -0.10386346074793494     
  0.58115401197956673       -1.7139685588387341      -0.16362033366817921     
  0.63143029893953140      -0.47982077300001563       0.56852242576319822     
  0.66633462807423438       0.20287774526106533        1.2787583580954129     
  0.33172036189515713        1.0129457718601262       0.80374186152287042     
  0.55804210681300870       -1.3168688387047651        1.9815121047251680     
  0.20176640970083332      -0.37864251532230225        1.5242859866558192     
   1.7633032135741509      -0.81825128350893672       0.74843156304910086     
  0.86998780769338102        1.1805342313656388        1.9141208557098974     
 -0.63232058108498923      -0.49084385166022243        1.4053175120493022     
   1.1166334123910517        1.1289428868324076       0.99013299133635380     
   2.2670814907299857       -5.6763326982086998E-002 -0.12839858783123911     
  -1.4549620632351050        1.8265477858970476        2.1277138779931759     
  -1.3761089400815545      -0.17492853714775330        3.0253330244732286     
  0.10652392768462871       -1.2763533489295302       -9.8205682496756930E-002
 -0.39386064071346738      -0.41466546876580229      -0.24586502891626422     
 -0.99390958385815098      -0.93280490224344359      -0.77655913883611749     
   8.4600169568602238E-002  -1.3379497942586900      -0.39380697644742546     
 -0.22613018215470845       -6.8504647529186599E-002 -0.20211741480184756     
   1.0495342012466855      -0.89004372644101437        3.6329955143087309     
 -0.47645476536730785       -1.1601300911508607      -0.52910128537533407     
  0.19379266810875792      -0.50305088743590820       -1.6430806243366083E-004
  0.12223785439959813      -0.55503991771217054      -0.53874995951745885     
  -1.3271178854913581       0.91289160597790098       -2.1714258718708823     
 -0.33705639280527216       0.77754113727496055       -6.6562508577459503E-002
  0.46612069870573702       -1.8870852215300671        1.2502089967257928     
 -0.19687037446976774        2.6596708924977905       -2.9450934832696774E-002
  -2.2286374643523610       0.40800493944721750      -0.37797048891268703     
 -0.50800397200469416      -0.10690893232478869       0.49471340791078716     
  0.76725602590221054      -0.90555508512579852        7.4309982906953939E-002
  0.45944811046791967        1.2475389383484392        1.9077486944880710E-002
  -1.4197511550605137        1.4105576657297492       0.42478302620761549     
  -2.0714378735338737       0.36268014813211880       0.12876445395684144     
  0.25832273262393851       -9.3174406181739375E-002 -0.66931971509569865     
  0.59773445612310772        3.0430619196478461E-002  0.31119785952278284     
  0.13339526317745951      -0.42542944478771466      -0.85211206268896678     
   9.3054428723589197E-002   7.7890973724429796E-002  0.11864778593764522     
  -1.7452193302088546       -1.4161501648322177       0.56896697471840185     
 -0.70001380345537223      -0.16633766373397374       0.31494491483640641     
 -0.98029130658746233        1.8355179945374533      -0.13710221287971000     
  -1.0808679429634855       0.77467692312361813       -6.1908012699951748E-002
  0.79092002484267965        4.8322476935169764E-002  0.49672851223886361     
  0.10219285890506044       0.94116517863713900       0.14794214903700389     
 -0.92506338136227850       0.42228926111395243      -0.83580692877088625     
  0.53945234690289667      -0.11226569072702715       -1.7924631962484336     
   1.2732109702901757        2.0206217165538884       -1.4897121396859407     
  0.53310095925709877       -2.0549480959769166        1.1416081891133518     
   1.6881634584902061       -1.3750953844317724       0.48657426344485932     
   1.1109019907096471       0.47835105860031424        1.8089789566009362     
  -1.7217919611939725       -1.0104679222932429      -0.70112108846670707     
 -0.35649761280081177      -0.70454938325286964       0.28074814150911614     
  -1.7611669187195313       -2.2674127093048049       -1.5887886798326494     
 -0.19728366362687713      -0.26541289609063928      -0.30206221895242502     
  -1.4099107469747372       -1.2646579994418012        1.8577819030070191     
  -8.5521115546942347E-002 -0.37340443103314813      -0.27167277740869494     
  -1.2124524575158597       0.45540543681317508      -0.62628577691940202     
   1.0084286227091479       -1.4555937448210596        1.0315364875851400     
 -0.24507191320103794      -0.27425101140782260        1.0015119906990806     
  0.70580039461162825      -0.59829823524650572      -0.75432196758220593     
  0.73190626345207910       0.56921657107452450       -1.3478283577187180     
   1.4844677325565774        1.0355006719080155       0.12193769235704219     
   1.4406695925177732E-002   1.1475705037849111       -7.2793040844711734E-002
  0.64200988851777652       0.64072535290541233      -0.29289238674436030     
   1.8911271717614613       0.20105449182736829       0.96354129110254783     
 -0.22040462291402921        1.0952645949520758       0.50274774974973535     
  -1.3685758372042205       0.21223606467773337       -1.0764973966999019     
  -9.3155051786572522E-003   1.3939680564759576       -1.7335183099188365     
 -0.36263291585171098        1.1196767055382311       -1.6181451469349406     
   1.1452641531440282       -1.2177292795969599       -1.5832959839799792     
 -0.79170130695488461      -0.56601949779793670      -0.50157155711911905     
  -1.2399282459711845       0.76535552448220678        1.4086903186355049     
  0.38479918897799942        1.0943550414391698       0.88608106979079493     
 -0.67847657911117731       -1.4060647631286372       0.14981234361440415     
  0.88023924309738089       0.22115602166288373      -0.97475566875635344     
  0.68829488502135339       0.84564241328176293      -0.38951630974951401     
  -1.1492659926783610       0.58879912464136452      -0.44913388914463404     
  0.73764912868507038        1.6733637517743953       -1.0049627023730838     
  0.49785752786159909        8.9386753269485364E-002  0.70919643120654907     
   1.3983869489405645        8.5010251164582357E-002  -1.2744510113512459     
   1.2143462152462661        1.8342403114348960      -0.46385332393847661     
  0.24182548674181084      -0.26683015864520754      -0.12200286956483093     
   1.1549060516880421        1.4476176712524029       -2.1761656111859931     
  0.70521328148720919       0.55498292004731087        1.0479157891428243     
  -1.1423502945572550        2.2317557577095788      -0.25186009720985214     
  0.61107279423324656      -0.58777323397223635        1.6116778942079385E-002
  -1.3357665139099029      -0.16397341319675934       0.79360867024166037     
  0.67093986311547948        1.1529737593296743       -1.4505701177286159     
  -3.3430420655417868E-002 -0.41053250158505694       0.61007411388486954     
 -0.60084336895859458        1.0316935652543415       0.59547744670422198     
  0.28867997069399742       -1.1155988728592579       -1.6406439107446444     
 -0.13970502871385565      -0.41547773827512885       0.48644541396044672     
  -1.0039935234944111        1.3382211038813701      -0.86230031585362854     
 -0.45614594703609207       -6.3484062932978036E-002  0.50090738321533979     
  -2.0861149308800808        1.3883431754796016       -3.2875200582635031E-002
 -0.22588805122074265       0.75216025957349364      -0.45492293428925829     
  0.99511390811674760      -0.39238407010272630      -0.11580061853816219     
  -3.1226588464340774       0.96457582170630163      -0.96016051956227666     
  0.69979890155543156      -0.25194877676620786      -0.18676458387843062     
 -0.48578938803944804      -0.56358494782711344        1.0889710554220458     
  0.85365450723349390       0.18909702047692906        1.5638185000007641     
  0.15656889134311017       0.37661444731721438      -0.33741340640804585     
   4.7473932419855550E-002  -2.1536188928178972       0.58919746262282613     
 -0.81605374369471817       0.82967493473658349       0.99492609199343052     
 -0.85875545565620537       0.40997287250005693        1.2851143473289990     
   2.0697561318467299       -1.0659492338794025        1.1185403043303184E-002
 -0.14040364222778504       0.58458252879358708      -0.65583666365688353     
   1.0729299032259210       0.51695986376061498      -0.91463441486044195     
   1.5001881193200142      -0.57191122966057051      -0.54237533592321496     
  0.26534631134769010       -1.3657552605388124       0.51699413919729975     
  -6.4659209713419832E-002 -0.89874887212252541       -7.8158586628978066E-002
   1.7723390220418911       0.41616309587965405        1.3053055619374589     
 -0.41196792260616799       0.96306820893135359        1.5808608631739640     
  -2.1717563505860661E-002  -2.0361442874143023       -1.6979380816806795E-002
 -0.49402809970834971       0.60008751514004155       0.52048061386596645     
 -0.32329464416639447        1.1615249105355863      -0.18923491680697507     
  0.50465594057714369        1.2897824133894782      -0.14437344090373272     
   1.2615755736922489       -9.6826097830714372E-002  0.26967855664321100     
  0.52910454285597808       -1.1707240828530616       -1.1266339546588511     
  -1.0765330656548016       -2.2332411455669825       -1.4959232282655015     
  -1.4098848777143438       -1.4783019302560345      -0.75534701113549374     
   1.5824903177811360       -1.4252313135693395       -1.9398056882320178     
  -1.8809714448163382      -0.99391125781059064       0.90570641257426265     
  -1.4193853196066653      -0.31185185087697409       0.39692411138072203     
  -1.8875871259699324       -2.5668471565908675       0.22175843078968610     
  0.22917525714347881        8.7480106160690352E-002 -0.87409088511066202     
 -0.62788014379168200       0.14687259099800787       0.51293769022563462     
  0.85530816816816502       0.77942819309031808      -0.78624397797324841     
   2.4914682937195405      -0.97998862891998328       -1.1193472367038171     
 -0.85455350923727635      -0.63218404427310337       0.28490373978118266     
  -9.9736735517142808E-002 -0.76985388128606702       -1.0604563074618147     
  0.60312277444060181       0.57666722041633034       0.51741029108129566     
  -8.9260923313419727E-002 -0.41380650281219444       0.37491640378454405     
 -0.47563188634358949        4.6213303669667499E-002   1.1280429479930123     
  0.48098690047005443      -0.23702693857126250       0.16111434460304866     
  -1.0105475862331350      -0.42723608599425245       0.80974446632619801     
  0.92004814318651695       -1.7296298109172559       0.56728811206716456     
 -0.72586675675487167       -1.3937753322152142      -0.10391546229572837     
 -0.22599160365175869        1.0159824611076995      -0.10067750635742256     
 -0.95470100755048326        1.3137690862787117       -4.5172316915969513E-002
  0.73850741900935379       -1.0417039915654132       0.29997141644886488     
  -1.2093679971291724       -1.1367573504908350       0.89169394231554044     
  0.21539235864149744       0.37283981931113008        2.5536333227165824     
   1.6988520288140625      -0.76937167556619468       0.64771111658970448     
 -0.72269489725026803       0.24218888343233885      -0.97531862350043796     
  -1.1900920649075943       -1.2981938859237365      -0.42253235696152069     
  -1.0334116328378706       0.60597974417958733       0.80398459777185960     
 -0.40758697686108908       -2.2284531535973345E-002  0.81767348522817929     
 -0.61391179335350698       0.13938617866122394        1.4192150456948656     
  -1.5786381480216132       -1.4734825358784842       -1.9380738938360431     
  -1.2034887424964997       0.48469975948180921       0.18046238297814385     
  -1.9059344202716897        1.0541371387789542        4.5771411703177570E-002
 -0.84265560212285662       0.32976576387646211      -0.39649242191859668     
  0.27692601241020387      -0.25711955010205939       0.66583985321447436     
  0.11966789514686578       -1.1296214625705705       -1.2941642264589692     
 -0.34854752809881329       0.48710319465641849      -0.61371187839128893     
  0.65799961236813165       0.33707209272081096      -0.96844533288604606     
 -0.76891439008375129       0.50563418852491449        1.1569769604188718     
 -0.19377872331175930       0.40085391687848410       -1.1809871716103484     
  -2.8929119337930742      -0.20200964439058772      -0.14874390321734107     
  0.18628655596213262       0.55495593041378999      -0.87796504010400800     
 -0.79508857911483233       0.78042576438158018        1.0283029502109897     
  0.24849056742982181      -0.71928793670750679        5.4367114531168215E-002
   2.0791269321170640       0.19833354341788517       0.97007120261713831     
 -0.31074986850800757       -2.1525163193770642        1.3183878747934417     
 -0.83332643808817664       0.31553738190887864      -0.65577764895350299     
  -1.1438613490966101      -0.73578605033830469        2.0324346657082804     
 -0.34499343031938162        2.1514119913107108      -0.45853043542392130     
  0.45929509459963930       0.46886610236966203      -0.78573060934549255     
   1.4932241553054766       0.31523804089986562      -0.95731396239703004     
  -1.6275559712105636       0.27200634275651153       -1.9480396959399420     
 -0.28141488569670770       0.53804834537330626       -1.5661610666512009     
  0.29880415069028976       -1.4884809852656251        1.0085722427171209     
  0.57792783390953240       0.76442789379865306        1.2972693145090857     
  -2.8294108656824524E-002   1.2775101758208833      -0.87768115973365135     
  0.39000673293175503       -2.2419707563129267        1.1688041203728416     
  -1.1784860792595726       -1.6317141934374817      -0.60812584363394806     
  -1.5358500291216521        1.1576804061259907        1.1843461338917329     
  0.20644270528778536      -0.26803362744679443       -2.2958040702237126     
  0.25862423084438163       -1.0756075203263213      -0.25896742866034228     
  0.49696814304200942       -1.4007963528690419      -0.57395652797568997     
   1.2996648142150797      -0.59580597221000753        1.1384490216190222     
 -0.75488764650603568       0.63215032994014342      -0.46497289696189331     
  0.80679257041705588       0.11764009223305062        2.3148852611329800     
  -6.0653145048635872E-002   1.1299267665472019       0.92618588365261012     
 -0.67216367009952027      -0.55585884207601532       0.59401552046567974     
 -0.86149868212187786       0.17036084908577565       -1.6303791536763825     
   1.1167385315655234      -0.49123611972209785        8.7928540976883976E-002
  0.40596911512645689       0.91358170997162924        1.2381000468845520     
   1.6959717794462625       0.13777592087294233       -1.0151549571448675     
  -1.5082832235769807       0.83915044348846757       -1.4406920857342038     
 -0.78532799027417888      -0.92118467293080808        1.3691851538984630     
   1.2707088080105691       0.33252293967653501      -0.27149606548899008     
  -1.4164565827327738        1.2448090189330987        1.2711723004236997     
   1.6283160213668986      -0.79397677243138387       -1.1158813726057031     
   1.6362562372486287       0.47700722179962102        2.8666340249142301     
 -0.63448583565981853      -0.35442755327110370       -9.2240050039407093E-002
  0.32064469928104622        1.6388329420759304       0.50365910008137615     
  0.37450397277411596       -1.2997309854512087      -0.64632762098077368     
  -1.9152332664658500       0.91692334602822312       -9.9826167681122638E-002
 -0.31883850200130615        1.3727952681570172       0.16365396016459685     
  -1.1832341691093999      -0.70365156532025275      -0.19299007283629852     
  0.36479157566925824       0.96522409557090616      -0.39347631041828968     
  0.21039972512203722       -1.0710621300098959      -0.13132559325007559     
  0.17443312724465498       0.22355437267632239       0.54035377634847215     
   1.4263021732014627       -1.8597668457183991       -8.9890364635099543E-002
  0.59673154627269109       0.42338209619926309        1.4952824995887370     
 -0.56678294666092222        1.0456003913895728       -1.4137118955823160     
 -0.44580439567195929        1.0797427784675906       -1.5161761501553619     
  0.41547811397571627      -0.46719800867225120        1.4768593687267488     
   1.1380026484229118       -3.2569841671161308       0.66051000915402669     
  -1.1717252773436753        1.5830555951417897        1.0414154185727991     
 -0.61679493220093939        2.4154957695125723       -2.0920433196428920     
 -0.97756372712928963       -1.0586831151509264        1.4074739927963360     
 -0.18746177747922516       0.42539808676042268      -0.37936820189933235     
  0.86385257872150989       0.87448174620891517       -1.0852758670809974     
  0.63853093378163672       0.35918161709817653      -0.46173903364997759     
  -1.0256849432917126        1.0681295347332369        2.0117708748456984     
   1.5148440280147970       -1.0760659902209158       -1.4779586444696979     
  0.50423855453592081      -0.88241049025014828       0.13189211615229607     
   1.6633631489744436       0.42905158014110817      -0.59992932564104162     
   8.0342697492364418E-002 -0.23008295074556639       0.23186692447766610     
 -0.69052796444796349      -0.12844329352432332       0.92919801886770814     
  0.46057879491167253       0.46462924176978920       0.42302226125261894     
  0.27221983020538276      -0.44003514675262217        1.2740424845696676     
   2.1472483405683791       0.11452869844416216      -0.39226736717819294     
 -0.27461947775315770      -0.29657947701136506       -1.8985076182029916     
  0.32055104911973131       0.17625859406314018       0.63389330273342570     
   1.8720994018065760       0.15430571800403861      -0.56584281400822201     
  -1.0560661868924845      -0.78763510110519530       -1.3360845558716550     
  0.86569156908350375       0.27170612245738751        1.5158830424789989     
 -0.25874133411361572       -1.2484614767248134       -9.9049336058775708E-002
  0.16015048235982643        1.2284602574349710       0.20552978516271758     
  0.28841376273320096       0.37375721574891846        1.3576399927328735     
   1.7948172654798058        2.4979400446793760       -3.4591050122102895E-002
  0.69775643582332192        1.0021148493217349        1.9749745246684418     
  -1.6762960119692532       0.54854646346267333       -1.7352668514863472     
  -1.2745963599619017        9.6566856864727713E-002   1.1632323597939549     
 -0.20869656554240404        4.5260558396139350E-003 -0.80444150643593948     
   1.0153221588034140       -1.2838526038767137      -0.82084971197529877     
   1.6364311849340971       0.93102416495351248        1.5162032547708044     
   1.1842093046900126       0.99625058720948556       0.84032540370025499     
  0.88491404165947585       0.30156210463950334      -0.65744750998219215     
 -0.55045940649934400        1.3810549260426359      -0.97067182919773143     
 -0.12630778101168469      -0.49938598507295556      -0.26533316140848384     
 -0.58809652811388791        1.8256549037450716       -1.2414586852803853     
  0.56656772779636544       -1.5807510735739421        1.6060292718168228     
 -0.85909380242363931      -0.24676106611071325      -0.87522817821994492     
   1.2012382637562047       0.71217935419349643       0.47001166674686240     
 -0.31430953830204661      -0.88989563694356733       -3.4944132636127695E-002
  0.60248791692228820        1.3215786566910521       -1.1552334278093275     
  0.67804478358793230      -0.13026895609661976       -1.0972266668201702     
 -0.49312806990203556      -0.41989322436831328      -0.56957914199711901     
  -7.1374681176911509E-002  0.56274649199274851       0.69632456370966944     
   8.8950396536404686E-003 -0.48726005856434201       -9.6411924364847752E-003
  -8.1856355529425107E-002 -0.35382009612104204       -1.1707216520874206     
 -0.34525030680351010      -0.69626230928312727      -0.26141044813804432     
  -2.0550577434450750      -0.68038073548620193       0.46989745939376298     
  0.24518292333427250       0.72255988213529476      -0.19704413640853030     
   1.9798127480767971       0.98976821880220500       0.51313609361155343     
  0.77963925412106649        8.2288928933791014E-002 -0.75465689549357995     
   1.5677847372948432      -0.64694822542184949       0.26571471086386644     
  -1.3163600952883263      -0.79052357441766119       -1.4154720872379343     
   1.6537316294900772       0.63750380637956572        2.6937808740455593     
 -0.45008250827860996       -1.0854924681370299        1.4504600526756501     
 -0.17744031432919105       0.26544025989831233        2.2455053415573052     
   1.1886680064807416        1.4321095950882290       0.75604470338529650     
 -0.10465597849861505      -0.73510741268055413       0.49336515984874257     
 -0.14225471300063511      -0.18789075024946933        1.5239094074043629     
  0.44713328298960797       0.22538350250537142       -2.0014894506072918     
  0.36488149035061695        1.2034873640752997       -6.1594625354786256E-002
 -0.14587095137252595      -0.32902646428926124       0.66377330685341784     
  0.37381226239414761      -0.36505681688512348       -1.6034452585152437     
   1.7472650433251935       0.21421435709130882       -1.1968378694146551     
 -0.38376570849759928        1.7565337294066157       0.51994934564320661     
 -0.77649831771630184       0.19571878019419375        5.7804309767483464E-002
  -1.6393230456277044      -0.37901731095808666        1.0389819875853734     
 -0.87850550942540984       0.99378756006739888        1.3468005000178540     
  0.33685770213957622        1.9788922285325732      -0.44778741107180753     
  -4.5498670973078879E-002   1.6659868190864262        1.1113515660820348     
  0.52187719333415505      -0.78630386981336486       0.95472197952738413     
 -0.28106051296644158       -1.9149836663417383        2.1416876468761208     
  -2.4769506149779792       0.39967611728715102       0.63646916720581170     
  0.56417918901969866      -0.20530689799783086       0.11811610533602471     
  -1.1238920001463564        1.5403580705646909      -0.29736349681466417     
   1.5153016056175990      -0.30746011405281098        7.5687763826558271E-002
  0.93173850980515827       0.70429259520683907       -2.7193393599691422     
  -1.0205090651672131        1.3303849820173252       -6.6204811927636317E-002
 -0.57959744359761178       -1.0734484489949028       0.26758154522597483     
   1.3145568924364077       0.33018342553017799       0.58109445766961476     
   1.7954780522144387      -0.21183943670832978      -0.18803594622255912     
 -0.31160445400045966      -0.13418082599848286        1.7664651584378248     
  0.43997487434918442        1.7679559379307659       -1.4148564608668719     
  0.16854764279979570       0.36192256866306977       0.39750311924326048     
 -0.80708872560312428       -2.2980397995675914      -0.50358544787168524     
 -0.39446175271702449       0.75538579014987461       0.74544664457632759     
 -0.29718373329199632       0.89735547705245400        1.5255335701132138     
  -1.8853929007018999       0.87723704999718666        1.4214390582959069     
  0.44031660714252702      -0.91284049352764329       0.63176146135867417     
  -4.1858172038734535E-002   8.4614133562553928E-002  0.41982009858055147     
   1.6156410439928168        8.9341513607957279E-002  -1.5569910578710662     
 -0.26836228915476401      -0.32118578866953412        1.3085022805659254     
  0.86166130429351528      -0.24692505998672409       -2.2581912157642741     
  -2.1891102178662529       0.45878585453553866      -0.25990285240151989     
   1.0888870260155568       -2.0169788537376201       0.51717051982410522     
   1.4681868591003926      -0.71067903135087263       0.60224926939675016     
   1.0295135040074372       -1.2109256720112602       0.69949884225045889     
   1.4668573329897572      -0.21971219443784229       0.62763652654769397     
   1.7388639706175395        1.3374070307276209       0.35133093448860059     
  0.81712364041995122       0.37666777374739330      -0.40773560283575527     
 -0.61899903094170161      -0.85637176308023044       0.80416737128383153     
  -9.2027755755228327E-002   2.8543515480688684        1.2410416527022277     
  0.81268732893339068       0.18254070204717721      -0.27253169784358916     
 -0.30117063033287123       -1.1955440328939486      -0.46980243719802256     
  0.56120404146381286        1.4387048541584719        1.6584006251556185     
 -0.42377015179106453       0.68859726736027593       0.26292402385508745     
  -1.3274568831542413       -1.0808625406350205       -1.5017937839569233     
  0.42953161808379114      -0.20218780018108168       0.24400210547654061     
 -0.10287018826220148       0.42306216897958693      -0.52824326974900238     
   1.0793179576784917E-002   1.4141000856972636       0.61747290348612316     
 -0.32048821963407154       0.33420282617450936       -1.6603675312056478     
  0.46075707839105801       0.66886703935071556      -0.60643182514298366     
  0.55101830082247971        7.8143785805991559E-003   1.0893369089011802     
 -0.49692358703881329        6.7616558634059840E-002   1.7041013530026643     
 -0.70765913181379814       0.23236873640028838       0.60287362132152267     
  -1.0265099556620281        7.3663270540039197E-002  -1.3245890082143681     
   1.0337813872674386      -0.16080104144662616       -7.6783569140564764E-002
  -1.2088918583867281       -2.8487321142994168E-003   1.1966387690952187     
 -0.22978291004263576       0.83293997254224617       -1.3439424967255924     
 -0.64742706918541448        1.7325218751495297      -0.37750763512404806     
  0.35907829587131279      -0.36315406004537631       -1.1535194932154531     
 -0.71338129715581211      -0.77335624542483028        1.3199713821624244     
  0.31529474372326027       0.54750658596383439       -1.4356125945685685     
  0.60185391478071359       0.10663335507097135      -0.13118702113133798     
  0.43041523802910936       -1.3551183171186434       0.45175501754880376     
   2.2084295057894892       0.96845507912716156      -0.99689662404251234     
   1.8959778947806485        1.4706193579391802      -0.12536891271606981     
 -0.58782089101256796        1.2172422267913294        1.0449379379997705     
 -0.26937467130868181       -1.5503505640320856      -0.95121718150689560     
   1.2637682695603456      -0.34251446417229159       -1.0401150597422912     
 -0.14273823770471911      -0.31030499850274834       0.99357083925314416     
   1.2125099846272887      -0.42577225780429884       0.37798679228748444     
  0.33730698898299910       0.55841242423326320       0.71915279670201659     
 -0.56012270774752970        1.3684172547012007E-002 -0.40172465793410767     
  0.40835700312900991      -0.13131128990022628       -1.7312402976416938     
  -2.6518900543051478      -0.53396390295370599        1.3447956675929118     
  -6.3334259667816833E-002 -0.99604029610931888       0.39132275165161912     
  -2.1933269997901510      -0.72250811303341378       0.87065352119211381     
  -1.4111048577492022       0.14478078274405409       0.61865370758334459     
 -0.75338149236733398       0.85443740880101005       0.75974997370178088     
  -1.4852618089228553       0.23845638363341132       0.70428403950565444     
   1.5732751478928333      -0.56666596654301016        1.2570980769138880E-002
   1.2945992854059594       0.53265447735229166       0.96450278734594341     
  0.73852396780577279        1.0303209668415394       -1.3744624609257146     
 -0.53990375406205859       -1.1012998376277272       0.59843193465058986     
  -8.1335052250297146E-003  0.76127501594170410       0.60250845276926701     
  -1.0632721097557949      -0.63062025693836399      -0.79947443583363331     
  -1.1674081496069666        1.4924497192420314        1.4520423037139480     
  -1.0729532579481238       0.17129729469923927       -1.6174623435423032     
  -1.0626842894608446       0.22123320204133612       0.42872513660841954     
  -1.3582738592175716      -0.51190247518821330        7.0094577372221453E-002
   3.6205877768028314        1.1550423114390218      -0.10273442075890160     
  -1.6367550466980587      -0.78093327276201308       -1.0496886318594127     
  0.56937541366328304        7.7141570700342429E-002 -0.79813608257528579     
  0.57695951220989550      -0.40767779745340510      -0.93908711651767074     
  0.47198284932883883       0.41048926707800432       -2.0558794344681917     
  -1.4652298946236713       0.57178999198322566      -0.58899380676846513     
  0.69840266641450854       -1.8459028830000956      -0.67007815382772584     
  0.55553114594044195      -0.60669027446588220       -1.3129048068727522     
  0.60333751922477574       0.55109493195373704        7.1084885070615791E-002
  0.11700185954014319       0.16039369773859249        2.3206537109341503     
  0.91906001175031504       -1.4840995268367625       0.87637863225736135     
  -1.0552790298444874        1.2132013241023940        1.0564275121412599     
  -9.5485517955613539E-002  -1.0281630048518011        1.8800209659940676     
   7.5694615995177484E-003  0.45103628558222603      -0.38643985378260653     
  -1.6033297960310229       0.14629326492514963        1.6728624904202187     
 -0.18938029227574177       0.50534052022761355       -7.1591093326749455E-002
 -0.26782416242714152        1.4463695021913312      -0.38941606447540722     
 -0.47094998277533523        1.2352206151720986      -0.16276135860142035     
  -2.1908849355656952      -0.56425054522887041        1.0118482064798204     
  -1.2636686409444042      -0.37430091345871530      -0.86516977748194246     
  -4.1525186145113649E-002   1.1997612256171994       0.93905687841761798     
   2.2127530842305578       -2.4423671110050194      -0.22732511736210359     
  -8.0926914463920335E-002  -1.0710061517829694      -0.68709085909477818     
   5.3040273615540978E-002 -0.59318032730723991       0.63579150675735951     
 -0.40686270130821023       -5.6080726430407318E-002   1.0031033931083395     
  -1.3263066245931754       -1.6579921290812540       0.65995795205759755     
  -8.4305071551553590E-002  0.19532288493034650       -1.1286381893103092     
  0.60929504810094159       0.17407239467769281      -0.13733393302132166     
 -0.26423600952463178      -0.41140545365555914       -1.0770169554812201     
 -0.56597116454010077       0.17046011911239969      -0.33921103331218100     
  -1.4591285432195553      -0.70795453139160391       0.37981438060169320     
   1.7717536403093368       0.66910921093697273      -0.28923840321069627     
   4.6726989118414199E-002   1.1715689455469276        1.4351496435400091     
 -0.69038368071674217      -0.95747786066979401      -0.21635900933716956     
  0.64861613431174781       -9.9473767148605383E-002  -1.8727718399533684     
  0.40132615907850655       -1.0499340594896702       -1.0713788210115502     
   1.4227995877661452       -1.1864337463480232        1.0414249015471237     
 -0.29298753829832902      -0.29318440251831418       0.22180638239750963     
  0.41889978975113318      -0.38660900719788832      -0.70558102400095024     
 -0.36522697159103573      -0.14658037952031511       -1.1315601517085361     
  0.28814364436197004      -0.25421343982739120       -1.4070203348059238     
   8.4891949709153813E-002  0.45396213881328151       0.49088489029322169     
   5.5060219397004756E-002   1.2515748276350809       -1.5485343798644392E-002
  0.45056844703942373      -0.53630224531249826       0.22765758815550488     
 -0.23301479344986256       -1.5909349483960316       -1.5023702246072859     
  0.12517875123744956      -0.87752186510637020       0.39641932475111114     
   1.9795906612080101      -0.66897622102343768        2.6618304461358431     
 -0.50218798275576249       -1.0855762223856311      -0.42594832275760564     
  0.68778681343480919        1.0724192521288338       0.12167581566805466     
   1.7716623685025883       -3.8173532151119308E-002  0.69364554146481150     
  0.48981455395680845       -1.3180425123543651       0.10599362888504363     
  0.13125203152273554        8.6699279167190335E-002   1.4224507372642141     
  0.56655506980730475       0.74153740886167996        6.8254216082121677E-002
  -1.7914416773110016E-002  0.38201034739739709       0.31310227853870715     
   2.3637320044092704      -0.65963770460485416        9.0570110493318257E-002
 -0.72156392797924995      -0.38440588804122494       -1.3903292587687219     
  0.62417380847140080       0.14154550301392210       0.80257924362930888     
  -1.2563446395543911       -4.6432211910636928E-002  0.68599132194550383     
  0.30788161639955069       0.84797555219563481        2.8649699426349606     
  -1.0083551189977176      -0.84740184126111651       -1.3932845252764452     
 -0.57201361020571218      -0.56587852320870491      -0.24694264438982771     
   1.2027786585601035      -0.41171926356729649       -1.2731664718059865     
  0.45836990403988770       -1.3143643743484885        1.7422611005920539     
  -1.2460689965822251       -1.0397103426439793      -0.35297673643868133     
 -0.33528447623050334       0.44867813760432351      -0.58103050246353405     
  -1.2011720914421957        2.3505185442613135       0.76101817870709809     
   1.2552729473218704        1.6362322610113447       0.71385692328250927     
  -1.2309714089852268      -0.44410950224122370      -0.13966151059162135     
 -0.69149107602881810       -1.5691067134340817       0.40841168407857681     
   1.3007433734933818       -1.8281371717323560        9.1044263734354924E-002
   1.0713604685885594       -2.3743749410036465       0.36528932109245299     
 -0.31983056740564869       0.22107527059340149       0.12630556344597643     
  0.31372548762616570       0.22734611540825883      -0.13688943655484356     
  -1.2601878178769421       -1.1045570631167865        2.1902060467408528     
   1.4459397743241946E-002  0.22501403264420344       -1.2326822147491876     
 -0.63636568291157969      -0.69231337703141549      -0.69489751923908960     
   1.4413760593439502      -0.59242959507847692        4.1192554848681839E-002
  -1.1185542009649716        6.3759812748927933E-002 -0.39932848576756813     
   4.3197993091707722E-002  0.54304553484288653       0.64011564010277722     
 -0.35186772858708842       0.50743807361012927       -1.9645262750673858     
 -0.76906173898175278       -2.2435901552980884        1.0328045086382052     
  -2.0627172200010890        1.0474448337901485       0.68285666972938475     
  0.38052357560314831        2.4770024879575709        1.7279322449628887     
 -0.78931526609964775      -0.19776822206616868       -1.1369786921696703     
 -0.74010028772470982        1.4103132597365633      -0.86371773594231815     
  0.44052078467315831      -0.88088101697477306       -2.3630895419998299     
  -1.6523132500491240      -0.33013817317899641       0.16222368955294630     
 -0.18423176841090733       -2.3306213555106425E-002  -1.2440277439160359     
   4.1825133252603688E-002  -1.0356787418318449      -0.36452528728480110     
  -1.5880812676135676      -0.30224072173992655        2.2503596321108388     
   1.0403981642356199        1.2039849564043048       0.64737988546698022     
 -0.58396023190527180        1.3859387545077950       -1.1488211490492020     
 -0.44936104654410386       0.82122467790071929        1.1977174813359310     
  -1.1764752630034476       -3.6367378451350338E-002  0.66669635960476648     
 -0.30550976992982504      -0.22843798008399346        1.3120029154873825     
  -1.0760232814802659      -0.34138459739670646      -0.74920872339940559     
  0.51911780132414220        1.4355638729457456      -0.25730181084947606     
   1.1950099027311794      -0.16268036775356204        1.0676165883355095     
  -1.6286172180869845       -1.1340012549045140       -8.6915185582024448E-002
  0.45133792922465321      -0.13974136557985423       -1.2268813391822788     
  0.51050778564690313       0.63658000886303068       0.85806718997787290     
   2.0069890674559012      -0.99568672447808892      -0.59577880803666949     
  0.20192928881322156        1.8000352475062348E-002 -0.18289998563413917     
   1.8711922870706752        3.1562114760940140E-002  0.78478304150663492     
 -0.69387069863078632        6.2501053219634894E-002 -0.31090777513864420     
 -0.32882641730274015       0.26258315320397818      -0.81894524763740861     
 -0.51273606404670713       -1.5869049681127247      -0.24070806296911829     
  -1.6467650353547862       -1.6821587376485789       0.81681513180920196     
 -0.79484775209954983      -0.90969019963039743      -0.67958658327826194     
   1.3325455555775305      -0.48898724344833960       0.44121999754291341     
 -0.96051592021955279       0.29381523840804946       0.41964948863236012     
 -0.76242269752132408        5.4295321006684501E-002  0.29650680158206594     
  0.64586095662001142      -0.97138899186824545       -2.3452905622637358E-002
  0.52961797564913615        1.4986206607311434      -0.65917921794185874     
   1.0699083886284146      -0.20600114868702823      -0.72104942110359538     
   1.0837549748954332       -1.7437792780894428      -0.66322548981694773     
   1.0395857503039492        1.2143499084308698       0.27581938973225006     
   1.8985056492002945E-002  0.22667374598933865      -0.12580966469753116     
 -0.69165816177267248        1.4514933814799014       -1.2816959489180675     
  0.10172015791404207        1.5301231697408755      -0.91469336259575595     
  0.79936422034964172       0.15691329241199697       0.17155055553302137     
 -0.75158860247681858       0.30650278252007596       -1.5705608117774335     
  0.72327812254043833       0.36240733814320586        1.0387857664022839     
   1.0094881030640032E-002   1.6686616377074983       0.96627679640122832     
  0.87965375109517452        1.0156823100854497      -0.17479842111770996     
  0.10144303483295897       0.96758451329594020       0.67888246135094865     
 -0.90194645046939315      -0.86053612723922135      -0.53504106712425292     
 -0.74311437668199021       0.18162886473578399      -0.28246540053604746     
  -6.9463935930247217E-002  -1.3676218014408521      -0.57589783010137230     
   1.2974972889469909       0.85365131511454839       -1.8324982312864486     
  -1.9438682013633237       0.22930606988585439        2.9613860174169622E-002
 -0.65577886630184012       -1.5714801650961991      -0.11882243143296371     
  0.18488566132031928        3.5558286441695466E-002  0.14070698300795606     
 -0.37505690552190246      -0.60692453197348417      -0.46093204962715273     
 -0.61616181876320775      -0.36008282375710826       -1.8765833524522559     
  -1.7309001361938969      -0.57205804426635876      -0.28864812468017303     
  0.57276651441133875      -0.81087424525044915       -1.4142104606193695     
  -1.1036872185177735       0.46425991739067385      -0.12218691999271707     
  0.51765719062458071       0.30121869274188151       0.71752254466561394     
   1.8425230192951982      -0.45227157131068180      -0.15884826189710624     
  -3.9663836059460070E-002   1.6681487887264610      -0.80890585245972757     
  0.22556391439155637       0.38960811110359572      -0.52829738446885832     
 -0.73108082448044331       0.93371590930481096        1.0406159845539744     
 -0.20270993098050244        1.4873582558157379       -2.3274657142308119     
 -0.76420973576051798       -1.5413418551454161       0.86201619983019406     
 -0.60991409161310028      -0.94459258520565537       0.51101318619439817     
  -1.3342865410427562        1.1230399660413517       0.41772037014765945     
 -0.66023523440088894       -1.8455454544776803E-002 -0.87343147548454314     
 -0.58797097566501755        1.7539622331005384       -1.6825165185258941     
  -1.5674640699735236       -1.1186663151185028      -0.30262467226934542     
   1.2099234000199359      -0.33622699384443061        1.4494798665679056     
 -0.39294887603805506      -0.57287198843695919       0.54929010902437359     
  -2.0738100203407792       0.97576293130804936        1.3741374085778868     
 -0.64328969035524397       0.23202955205765163      -0.45721071259550566     
   1.3295072064523157       -1.0767646577647385       0.53690553801627494     
  0.20786450209572971       0.28676294743382363      -0.52754511604964960     
  -2.0491802036343447       0.96154753476610810        1.1769852940125114     
   1.2461496877339433      -0.84675000633224151       -1.9439263117632832     
  0.93548030267823168       0.72516982381526651      -0.45905114821569137     
  0.25674204854942345       0.21952531449641449       -1.2140626446508720     
 -0.45332485477108636        6.1820206546647292E-002  -7.6320330078882739E-002
  0.63426914702726134      -0.77489580129555702      -0.18644412118906362     
 -0.92752680521203967      -0.97446733696059695        1.1171385895523795     
 -0.62686113520067310       0.10047547655630215       0.57244910235011648     
  0.47996451695297027        2.0241409412765186        1.5499669800980880     
  0.41168223598367226       -2.0065523216931882      -0.29941643085348529     
 -0.13962515524913921       0.73981117640367633        1.3852518696337608     
 -0.88977429867125524        1.2153960978462113      -0.69892512386680727     
   1.1190562994859738        1.2878440183800284       0.21848429210654954     
 -0.17709900229552858      -0.75521730106483154      -0.63307311071476213     
 -0.68617223370517821      -0.59844187528630333      -0.75570432121354536     
 -0.23611076821117319        1.2064500916899026        2.5649070760743364     
  -1.3456191706271829       0.76993432272745499      -0.63531916840635905     
  -1.3563529330574076E-002  -1.2763527537836998      -0.42071912752021234     
   5.8871757552231542E-002   1.4973938279660277      -0.32413102505658314     
  -2.5234243250657840       0.48668206502074723        1.8162083666103885     
  0.70404274435149339        1.7317144602168939       0.10372584871606022     
  0.95053373514181105      -0.25743737061153404       -1.5823631324932246     
   1.8522079097474040       0.38763222483748400        1.2167836995579631     
   1.7764131858927115       0.54249698344637143       -1.0635629507629765     
  0.18656602044853543        1.1558866783586583       -1.9217698580521410     
  0.35717380966972456       -1.8818027897639606       -1.2656510442482862     
  -1.0897016798481713      -0.28452959418507634       0.91814223705336495     
  -1.6921111551663641      -0.15997606494386302       0.72030120890331828     
 -0.45229695330286734       0.71749596273703431       0.71389797213361061     
  0.73511995389940077       0.61997148059884932      -0.37611543945752041     
   1.8971238609250920      -0.66347144835015159       0.16084226195451901     
 -0.89919882893133563       0.54624011439403919      -0.21484195055820218     
   1.5401775117509655       -1.1518098471512341       -1.1101798518609549     
  0.34330332032238808      -0.46002794902988814      -0.66111101187401200     
  0.24051159552152590      -0.69192425518945611      -0.71504011894566499     
 -0.44568023399079210        1.1690571006862462       0.68356550140584893     
   1.5525982601041506       0.86950500149510235      -0.91814426490344114     
  0.36328787535672535      -0.37599457638804185       0.53898893798863579     
 -0.52035582793685087       0.87528350809965616      -0.77291577002572587     
   1.1826934617844060       0.69745013193629535      -0.21236225662409081     
  0.48242078207382194      -0.71186532535217562      -0.69473125949128456     
 -0.38132368001450045        1.7745504793058520       -1.2379939542543164     
  0.51717180774744287        2.3743217925324550E-002   1.7232474770990143     
   1.5967903451544179       -3.2422427468713405E-002  -1.8307278215489682     
  0.89573489393023564       0.12280044561917720      -0.13164415323151377     
 -0.76650662039928952      -0.34670517094128256        1.0936071751473622     
 -0.11250148967295920      -0.52875393977488538       0.53950550073154613     
 -0.41813500939457604       0.18175574289981927       -3.1320307948413091     
   2.1550065922103137E-002 -0.47754481277962485      -0.40197557824809743     
   4.7760468509949541E-002 -0.60432192233019955       0.28142745818396403     
 -0.24775749981988804       -2.0841228362631368       0.30838707697323936     
  -1.5054868947686106      -0.13537700267773989      -0.72626850706075119     
   1.8713284709127345       0.46286237482740705       -1.8802840366801055     
  0.40472136181174012       0.16336010496657533       0.62308190358104587     
 -0.16895370321741318      -0.58135979082505962       0.41491193005365151     
  0.30248597073356598       -1.1698859319750528        1.5459696697609229     
 -0.43323126921326655       0.39606047463041599       0.32116375316692403     
  0.48728330425154137       -1.7335874543014704        6.2105635130595790E-002
  0.50867131753919781       -1.2267427784822089       -1.0348942555839731     
  -2.9853568308698750       0.42900047078728515       0.70585070136606243     
   1.4395141414880390       0.57924966580248016        1.2164481303112371     
  0.99826326307006852       0.11000845220370647       -1.3010624176976042     
 -0.56091516857334900        1.2609617193092606        1.1230972764711529     
   2.6748121061704264       0.10671886974868554       -1.9126574529639584     
 -0.24961798082918746       -1.1125795795520788      -0.43161261393186323     
   1.2047292514892083       -9.2490613484782894E-002 -0.46396319050635743     
 -0.40481729366346958       0.90049078495659574        1.1023736082984299     
   1.6463390307740808      -0.65651811611809952        2.1123759735567695     
  0.41286880664787368      -0.31032187018744284        2.0589858922361737     
  0.54987845677519220       0.19771607710477385        1.0958538606736510     
 -0.78512881321459471      -0.63740043897224163       -1.8283765235597416     
 -0.78115445265185746      -0.46613632111167042      -0.17045522666448945     
  -1.2554823090419092E-002 -0.20040212926773510        1.9016960780047985     
  0.40617966306395276       0.76257483949114713       0.56367484647406407     
 -0.97417443108871515       0.86809446817777403       0.66359216235779339     
 -0.87860316391792126      -0.10740334322844340        1.0380871486955310     
  0.36414780808335828       -1.5248040970946899        1.0158017280193203     
   1.4778323356841221      -0.38644898067929712        1.1122506949291249     
  0.55976808840467573        1.0995573073046814       0.20706031782338180     
  0.68561729871481858       0.59871289237477499       0.68115860477855428     
 -0.47287290452130754       0.37610842659167604      -0.95669203132264236     
   1.6229938864118696       0.48470058302450220       0.77852633061744581     
  -1.2079825904855701       0.53387932483030842       -1.2368844687777460     
  -1.9048363518033455       0.33017975066592736      -0.19058916788043298     
  0.28937203374678022      -0.34763113846382954       0.58687454201066824     
 -0.56915797362766929       -1.8246759583166638      -0.40289694318214492     
  0.33136355516418342       -1.0781103773268386      -0.55482188724135106     
  0.98641855742852691      -0.13497874607527344      -0.47955987821601814     
   6.1210018458628015E-002 -0.55677770209413924       0.19197227728894600     
  -1.4276652567964094        1.3474373104676620       0.58332949948308777     
  -1.2799295936592128      -0.90837941306450576       0.13983337881929697     
 -0.23271193377974494       -1.3369175439622629       0.22455528068958566     
  -1.9832162571620446E-002   2.3353607826713425       -1.1950233688633560     
  0.89141904342089473        1.8506121915993421      -0.53741129483403316     
   1.6592011053801834       0.55745069545838366        6.0529400797500979E-002
  0.61177950564130368      -0.10220780755607713        2.2375348037865033     
 -0.80918167607011737      -0.19751337969424654      -0.58363300141791974     
 -0.59949772474406404       0.48501076707525381       -2.4225504581974899     
  0.18500632314756954      -0.11539942268638596      -0.30531761336950264     
  0.77504550270567207      -0.20438158416600832       -1.2754315540291614     
  0.58281621750365620       -1.2745545220312640       -2.0243293210027131     
 -0.68876447072961677       0.11461020665492783       0.84751688963323124     
 -0.95402869933794765       -1.7983355723676486      -0.38839952426755747     
 -0.67752908983478777       0.42872012522831804       0.48805961312006702     
  -6.1851112767202017E-002   7.5598068833145071E-004 -0.94543176668126838     
  0.29517327097006490      -0.12746333987801267      -0.14982350796782451     
 -0.42379846696374213      -0.37407190794305922      -0.71063808146393459     
 -0.10664617616268481       0.23877614324649327        1.0388926754882457     
 -0.95756926009745202      -0.86789223742128607       0.96844206647617392     
  -5.5323435691259290E-002   1.4164248114596236      -0.86833654164048779     
 -0.91084296548564780       0.25480126385214452      -0.78576982651411686     
  -1.6813968552897194       -4.6853124867633322E-002 -0.33271479962710954     
  0.34860850699910972      -0.78310840857305586       -1.5465641521626499     
 -0.52884184051157257       0.22981625045428555       -1.8909590870619226     
   1.3018787100129225        7.0498274390548982E-002  0.12751799474647330     
   1.7512181246788971       0.97377401139352204       0.74072482082923019     
 -0.74739270739151231       -1.1352585590769222        1.7361376070464163     
  0.94289141811512356      -0.34316050358711425       0.72093457156053464     
  0.42703688805148904      -0.94359000282310612       -1.0724822764071715     
  0.46227908542696416       -1.3024712011012545       -2.3612596145282539E-002
 -0.71405616808791539       0.14747578971687136       0.69264421604332660     
 -0.38446685762120753      -0.77069677648755419       0.33503451279249430     
  0.33278983616977259       0.87019355152822919      -0.77023079963806229     
   1.2586577122368625       0.29375973851235165       0.31710355517475974     
