      
   9.9999997473787516E-005                       NaN
   1.9999999494757503E-004                       NaN
   2.9999999242136255E-004                       NaN
   3.9999998989515007E-004                       NaN
   4.9999998736893758E-004                       NaN
   5.9999998484272510E-004                       NaN
   6.9999998231651261E-004                       NaN
   7.9999997979030013E-004                       NaN
   8.9999997726408765E-004                       NaN
   9.9999997473787516E-004                       NaN
   1.0999999722116627E-003                       NaN
   1.1999999696854502E-003                       NaN
   1.2999999671592377E-003                       NaN
   1.3999999646330252E-003                       NaN
   1.4999999621068127E-003                       NaN
   1.5999999595806003E-003                       NaN
   1.6999999570543878E-003                       NaN
   1.7999999545281753E-003                       NaN
   1.8999999520019628E-003                       NaN
   1.9999999494757503E-003                       NaN
   2.0999999469495378E-003                       NaN
   2.1999999444233254E-003                       NaN
   2.2999999418971129E-003                       NaN
   2.3999999393709004E-003                       NaN
   2.4999999368446879E-003                       NaN
   2.5999999343184754E-003                       NaN
   2.6999999317922629E-003                       NaN
   2.7999999292660505E-003                       NaN
   2.8999999267398380E-003                       NaN
   2.9999999242136255E-003                       NaN
   3.0999999216874130E-003                       NaN
   3.1999999191612005E-003                       NaN
   3.2999999166349880E-003                       NaN
   3.3999999141087756E-003                       NaN
   3.4999999115825631E-003                       NaN
   3.5999999090563506E-003                       NaN
   3.6999999065301381E-003                       NaN
   3.7999999040039256E-003                       NaN
   3.8999999014777131E-003                       NaN
   3.9999998989515007E-003                       NaN
   4.0999998964252882E-003                       NaN
   4.1999998938990757E-003                       NaN
   4.2999998913728632E-003                       NaN
   4.3999998888466507E-003                       NaN
   4.4999998863204382E-003                       NaN
   4.5999998837942258E-003                       NaN
   4.6999998812680133E-003                       NaN
   4.7999998787418008E-003                       NaN
   4.8999998762155883E-003                       NaN
   4.9999998736893758E-003                       NaN
   5.0999998711631633E-003                       NaN
   5.1999998686369509E-003                       NaN
   5.2999998661107384E-003                       NaN
   5.3999998635845259E-003                       NaN
   5.4999998610583134E-003                       NaN
   5.5999998585321009E-003                       NaN
   5.6999998560058884E-003                       NaN
   5.7999998534796759E-003                       NaN
   5.8999998509534635E-003                       NaN
   5.9999998484272510E-003                       NaN
   6.0999998459010385E-003                       NaN
   6.1999998433748260E-003                       NaN
   6.2999998408486135E-003                       NaN
   6.3999998383224010E-003                       NaN
   6.4999998357961886E-003                       NaN
   6.5999998332699761E-003                       NaN
   6.6999998307437636E-003                       NaN
   6.7999998282175511E-003                       NaN
   6.8999998256913386E-003                       NaN
   6.9999998231651261E-003                       NaN
   7.0999998206389137E-003                       NaN
   7.1999998181127012E-003                       NaN
   7.2999998155864887E-003                       NaN
   7.3999998130602762E-003                       NaN
   7.4999998105340637E-003                       NaN
   7.5999998080078512E-003                       NaN
   7.6999998054816388E-003                       NaN
   7.7999998029554263E-003                       NaN
   7.8999998004292138E-003                       NaN
   7.9999997979030013E-003                       NaN
   8.0999997953767888E-003                       NaN
   8.1999997928505763E-003                       NaN
   8.2999997903243639E-003                       NaN
   8.3999997877981514E-003                       NaN
   8.4999997852719389E-003                       NaN
   8.5999997827457264E-003                       NaN
   8.6999997802195139E-003                       NaN
   8.7999997776933014E-003                       NaN
   8.8999997751670890E-003                       NaN
   8.9999997726408765E-003                       NaN
   9.0999997701146640E-003                       NaN
   9.1999997675884515E-003                       NaN
   9.2999997650622390E-003                       NaN
   9.3999997625360265E-003                       NaN
   9.4999997600098141E-003                       NaN
   9.5999997574836016E-003                       NaN
   9.6999997549573891E-003                       NaN
   9.7999997524311766E-003                       NaN
   9.8999997499049641E-003                       NaN
