      
   0.0000000000000000       -1.3021368370914017E-002
   1.0000000000000000       -1.6117642789815069E-002
   2.0000000000000000       -2.2815722955485781E-002
   3.0000000000000000       -3.5999014874647510E-002
   4.0000000000000000        18.119646763383297     
   5.0000000000000000       -1.8232193028481173E-002
   6.0000000000000000       -1.5254029406213746E-004
   7.0000000000000000       -2.6709358039394351E-002
   8.0000000000000000       -1.9140875134452614E-002
   9.0000000000000000       0.13133611732224013     
   10.000000000000000       0.63245311868310738     
   11.000000000000000       -2.7062114933021325E-002
   12.000000000000000        1.0407576159111653E-002
   13.000000000000000       -1.0365560402804556E-002
   14.000000000000000       -3.4581288327268443E-002
   15.000000000000000       -7.4127179923451905E-003
   16.000000000000000       -6.7887639173221633E-003
   17.000000000000000       -1.4048884495619772E-002
   18.000000000000000       -1.2046767238205745E-002
   19.000000000000000       -2.0367665407690302E-002
   20.000000000000000        2.0972656070878370     
   21.000000000000000       -1.5486707382658657E-002
   22.000000000000000       -2.2218848249363692E-002
   23.000000000000000       -1.8632050373546458E-002
   24.000000000000000        3.4825056422543928E-003
   25.000000000000000        2.1898041038301592     
   26.000000000000000       -1.0493728526453099E-002
   27.000000000000000       -8.9323542306134207E-003
   28.000000000000000       -3.0616127112301914E-002
   29.000000000000000       -2.2148333226541882E-002
   30.000000000000000       -1.5538415957175372E-002
   31.000000000000000       -3.0044503367803399E-002
   32.000000000000000       -1.4837720680401805E-002
   33.000000000000000       -2.8010396148522604E-002
   34.000000000000000        7.8087201497037260     
   35.000000000000000        1.3632001102884219     
   36.000000000000000       -1.1624907085208969E-002
   37.000000000000000       -6.8544528379802386E-003
   38.000000000000000        9.8286939395401287     
   39.000000000000000       -2.5327247808859227E-002
   40.000000000000000       0.11086363741373310     
   41.000000000000000       -1.8460570005770952E-002
   42.000000000000000       0.40288054834151615     
   43.000000000000000       -9.4047012170162432E-003
   44.000000000000000       -2.5320256755749317E-002
   45.000000000000000       -5.3857100864943032E-003
   46.000000000000000        27.794073081475503     
   47.000000000000000       -9.1807513101795236E-003
   48.000000000000000       0.42070297122091271     
   49.000000000000000       0.58196069118787530     
   50.000000000000000        1.0565407102739310     
   51.000000000000000        5.9962261225457141     
   52.000000000000000        9.6209367089981027E-002
   53.000000000000000        8.6349854801983970     
   54.000000000000000       -1.5571306030752168E-002
   55.000000000000000       0.42450689014833992     
   56.000000000000000       -2.1390916778593519E-002
   57.000000000000000        8.8327953843589435E-002
   58.000000000000000       -2.2309467023404125E-002
   59.000000000000000       -2.4466603506107633E-003
   60.000000000000000        1.9714888993136446     
   61.000000000000000       -6.7975134239299431E-003
   62.000000000000000       -1.9010490563520343E-002
   63.000000000000000        1.0426586050482272     
   64.000000000000000       -2.2955645690132580E-002
   65.000000000000000       -6.5670900056712901E-003
   66.000000000000000       -1.7934982413627478E-002
   67.000000000000000       -2.3109987196656964E-002
   68.000000000000000        17.658118463255231     
   69.000000000000000       -1.0581782449599628E-002
   70.000000000000000        18.806611341395318     
   71.000000000000000       0.13044889189204650     
   72.000000000000000        3.4474255498859732     
   73.000000000000000       -9.2209066877492370E-003
   74.000000000000000        11.067967493685783     
   75.000000000000000       -1.9131248072869471E-002
   76.000000000000000       0.24772026601363276     
   77.000000000000000       -2.3087294452391292E-002
   78.000000000000000       -9.8355978020789065E-003
   79.000000000000000       0.80276274213319265     
   80.000000000000000       -5.0848539464265971E-003
   81.000000000000000        17.050497219163514     
   82.000000000000000       -1.9620530542744551E-002
   83.000000000000000        1.1704871370883474     
   84.000000000000000       0.10607855567317313     
   85.000000000000000        2.9908827367782078E-002
   86.000000000000000       -1.3008300348220717E-002
   87.000000000000000       -1.7904467801439509E-002
   88.000000000000000        1.8876566583920154     
   89.000000000000000       0.79744661224444213     
   90.000000000000000       -1.5156146591264035E-002
   91.000000000000000       -5.1123929650912772E-003
   92.000000000000000        6.2833958536532597     
   93.000000000000000       -4.2039852095823119E-003
   94.000000000000000       -1.0835578482341027E-002
   95.000000000000000       -2.0671550222263649E-002
   96.000000000000000       0.12132684736267921     
   97.000000000000000       0.52681064762589169     
   98.000000000000000       -3.7976979356744572E-002
   99.000000000000000        23.621372566252429     
   100.00000000000000        2.1940950283550502     
   101.00000000000000       -1.1618488640420364E-002
   102.00000000000000        7.0579106743886078     
   103.00000000000000       -1.7567968707815133E-002
   104.00000000000000       -1.0615373085953277E-002
   105.00000000000000       0.37966957445962540     
   106.00000000000000       0.98555245294439442     
   107.00000000000000       0.23240168976450021     
   108.00000000000000       -1.7264193623523178E-002
   109.00000000000000       -4.4742810111168499E-002
   110.00000000000000       -2.6707967967153575E-002
   111.00000000000000       -2.6213970213334790E-002
   112.00000000000000       0.13484517562697190     
   113.00000000000000       -3.4476917856212770E-002
   114.00000000000000       0.32256366653444074     
   115.00000000000000       -2.4084439214237478E-002
   116.00000000000000       -1.2289098204708226E-002
   117.00000000000000        1.4066911078318620     
   118.00000000000000       -8.9868614013521985E-003
   119.00000000000000       0.14303379086348700     
   120.00000000000000       0.20236656847373286     
   121.00000000000000       -2.4694724193185903E-002
   122.00000000000000       -3.4908972067371397E-003
   123.00000000000000       -5.4996443155600006E-003
   124.00000000000000       -2.0363445276464782E-002
   125.00000000000000       -2.5091254718510460E-002
   126.00000000000000       -2.6798329009562603E-002
   127.00000000000000       -3.3635115415327259E-002
   128.00000000000000       -1.7177055957710463E-002
   129.00000000000000       -4.8408800869899045E-003
   130.00000000000000       -2.7913434501207143E-002
   131.00000000000000        26.004105868952159     
   132.00000000000000       -3.8621763071311918E-002
   133.00000000000000        1.0399464707962480     
   134.00000000000000       -1.1233163689931009E-002
   135.00000000000000        4.1235644340962802E-002
   136.00000000000000        7.9020013375314654E-002
   137.00000000000000        7.6402119050676909     
   138.00000000000000       -9.3993174458173231E-003
   139.00000000000000        5.3243090639427818E-003
   140.00000000000000       -2.0612199354508320E-002
   141.00000000000000       -3.5398622172413859E-002
   142.00000000000000        3.4615741962567239     
   143.00000000000000        4.5621477605072149     
   144.00000000000000       -1.8052283197057175E-002
   145.00000000000000       -4.4890857934206038E-003
   146.00000000000000       -1.4370602550746091E-002
   147.00000000000000       -2.2289536119734818E-002
   148.00000000000000       -1.0597871167089370E-002
   149.00000000000000       -1.0930614546962232E-002
   150.00000000000000       -4.4786231713719753E-002
   151.00000000000000        6.8424984685396053     
   152.00000000000000       0.17393679719455860     
   153.00000000000000       0.26947784939849029     
   154.00000000000000       0.33518204439209098     
   155.00000000000000       -1.4928605429943802E-002
   156.00000000000000       -1.6378855467776562E-002
   157.00000000000000       -3.7892290579916159E-002
   158.00000000000000       -2.3129287693410935E-002
   159.00000000000000       -3.2194949843757981E-002
   160.00000000000000       -2.2234303987544161E-002
   161.00000000000000       -2.3588530030851262E-002
   162.00000000000000       -3.5981737666338137E-002
   163.00000000000000       -2.6751064090483227E-002
   164.00000000000000       -5.7157418674035551E-003
   165.00000000000000        5.3216568512614479     
   166.00000000000000       -8.8441020156726988E-003
   167.00000000000000       -8.2722217079848042E-003
   168.00000000000000        13.198259300986326     
   169.00000000000000       -3.8014935945683573E-002
   170.00000000000000        1.8331087492635522E-002
   171.00000000000000        10.134811197895802     
   172.00000000000000       -2.9890841857214454E-002
   173.00000000000000       -1.3450264722955478E-002
   174.00000000000000        3.3227853196469228     
   175.00000000000000       -1.2596046706757749E-002
   176.00000000000000       -1.4883612641424585E-002
   177.00000000000000       -1.2183037010126707E-002
   178.00000000000000       -2.6250371846068168E-002
   179.00000000000000       -2.2952020321721243E-002
   180.00000000000000        8.2083112443436818E-003
   181.00000000000000       0.25497554628193714     
   182.00000000000000        7.2492238662699174E-002
   183.00000000000000       -3.7508981027639325E-002
   184.00000000000000       -1.6949171393293778E-002
   185.00000000000000       -1.1232781640557967E-002
   186.00000000000000       0.13454142576529066     
   187.00000000000000        2.9634802311450712     
   188.00000000000000       0.51597314727898935     
   189.00000000000000       -2.2548443459091995E-002
   190.00000000000000       -2.0781842342325121E-002
   191.00000000000000        2.3674627460655552E-002
   192.00000000000000       -7.7908943342431102E-003
   193.00000000000000       -1.7580252929649071E-002
   194.00000000000000       0.15181067525942182     
   195.00000000000000        2.6214650742370473E-002
   196.00000000000000       -8.6058589987264792E-003
   197.00000000000000       -2.9869044367687798E-002
   198.00000000000000        7.0635011982057058E-002
   199.00000000000000       0.17191346294811571     
   200.00000000000000       -4.1110520031786023E-002
   201.00000000000000        3.0859688354405165E-002
   202.00000000000000       -5.1501938198418740E-003
   203.00000000000000        7.7218169678976253E-002
   204.00000000000000       -8.9894560793722395E-003
   205.00000000000000        2.6845028825052127E-002
   206.00000000000000       -2.1069328875733574E-002
   207.00000000000000        1.1957644743824729E-002
   208.00000000000000       -2.2309046061302872E-002
   209.00000000000000       -1.6427496958665733E-002
   210.00000000000000        3.3497351201863643     
   211.00000000000000       0.77370307826539853     
   212.00000000000000       -5.0329786493884109E-002
   213.00000000000000       0.33987413477208223     
   214.00000000000000       -1.3430312227238658E-002
   215.00000000000000       -4.1723748390299978E-003
   216.00000000000000       0.67986521230465857     
   217.00000000000000       0.16159867951065698     
   218.00000000000000       0.23414862518509294     
   219.00000000000000       -2.2917252729217252E-002
   220.00000000000000       0.12596918099044208     
   221.00000000000000        1.5977811996572298     
   222.00000000000000        1.3867019559724758     
   223.00000000000000       -2.1470924045329434E-002
   224.00000000000000       0.24654593067029168     
   225.00000000000000        7.3550335437786432     
   226.00000000000000       -1.6942577914663561E-002
   227.00000000000000       -1.9714645963366629E-002
   228.00000000000000        25.548248977144436     
   229.00000000000000       0.80621750706469575     
   230.00000000000000        1.8882073787876978E-002
   231.00000000000000       -1.6066436537814210E-002
   232.00000000000000        1.1379048587545677     
   233.00000000000000       -1.6846271996821951E-002
   234.00000000000000       -2.2626224937144893E-002
   235.00000000000000        2.9903946625635172     
   236.00000000000000       -1.6649074022361009E-002
   237.00000000000000       -8.7232267876331329E-003
   238.00000000000000       -3.7209950482078750E-002
   239.00000000000000       -2.3433507764326036E-002
   240.00000000000000       -1.8318449605429426E-002
   241.00000000000000        1.1470109315745045     
   242.00000000000000        5.4006870186321443     
   243.00000000000000       -8.3694046288367522E-003
   244.00000000000000       -2.5146408618707660E-002
   245.00000000000000       -3.3696728639353545E-002
   246.00000000000000        2.7685479881647410E-002
   247.00000000000000        7.9269642092152561E-003
   248.00000000000000       0.66663862377771854     
   249.00000000000000       -1.5464024025852629E-002
   250.00000000000000       -3.0997037467082281E-002
   251.00000000000000       -1.7566988125207076E-002
   252.00000000000000       -2.1801830117905777E-002
   253.00000000000000        6.2599836012491572     
   254.00000000000000       -1.7324560469629196E-002
   255.00000000000000       -1.9613025863963886E-002
   256.00000000000000       -2.9475944549556408E-002
   257.00000000000000       -1.9600724711793683E-002
   258.00000000000000       -9.7668878661211940E-003
   259.00000000000000       -2.2529738898110670E-002
   260.00000000000000       0.42065790450378843     
   261.00000000000000        2.2911862987510041     
   262.00000000000000        3.7648997108203432     
   263.00000000000000        3.2676307219038393E-002
   264.00000000000000       -1.5671752890740177E-002
   265.00000000000000       -2.6588377404914678E-002
   266.00000000000000        1.3218025406732539     
   267.00000000000000       -4.5329147947692980E-003
   268.00000000000000        2.5718226258029757     
   269.00000000000000       0.64675338599298149     
   270.00000000000000        1.1748902724757642     
   271.00000000000000       -1.2851502123643197E-002
   272.00000000000000        1.4700004629526682     
   273.00000000000000       -3.0016106856001784E-002
   274.00000000000000        8.6838313056855243E-002
   275.00000000000000       -2.9139958307117152E-002
   276.00000000000000       -1.8758026353377918E-002
   277.00000000000000       0.16423171914211429     
   278.00000000000000       -2.3257424890430357E-002
   279.00000000000000       -1.3087853823159896E-002
   280.00000000000000       -1.5853452834792316E-002
   281.00000000000000        22.150932160399044     
   282.00000000000000       0.86909954470979411     
   283.00000000000000        11.336512720409658     
   284.00000000000000       -3.9608862322078097E-003
   285.00000000000000        2.3093693634080232E-003
   286.00000000000000       0.48023420956813390     
   287.00000000000000       -1.5416731434597049E-002
   288.00000000000000       -2.3742727996281160E-002
   289.00000000000000        19.715356850075196     
   290.00000000000000       0.34787434031973447     
   291.00000000000000       -1.8571694475069244E-002
   292.00000000000000       0.25356512673208237     
   293.00000000000000       -2.5945057896012619E-002
   294.00000000000000       -2.9647448522278994E-002
   295.00000000000000       0.71400946524603826     
   296.00000000000000       -2.3836163344183890E-002
   297.00000000000000       -2.4128046919758939E-002
   298.00000000000000       -3.8508332076521254E-002
   299.00000000000000       -1.9508259635560424E-002
   300.00000000000000        3.5003172927426283     
   301.00000000000000       -1.0332323873326641E-002
   302.00000000000000       -2.8497839916917102E-002
   303.00000000000000       -2.2542330321769798E-002
   304.00000000000000       -1.5135709807445783E-002
   305.00000000000000       -1.8222819441564633E-002
   306.00000000000000       -2.0803775044729914E-002
   307.00000000000000        6.8911975637610950E-002
   308.00000000000000       0.91677242635439204     
   309.00000000000000       -2.2039858020738361E-002
   310.00000000000000       -1.7386561045389100E-002
   311.00000000000000       0.39791540121916513     
   312.00000000000000        2.0710157660962452     
   313.00000000000000       -3.1917025191991660E-002
   314.00000000000000       -2.9116385686009744E-002
   315.00000000000000       -1.1016689338017874E-002
   316.00000000000000       -3.1929327701208626E-002
   317.00000000000000       0.47836016838181550     
   318.00000000000000       0.17954278410925167     
   319.00000000000000       -2.8519505695494246E-002
   320.00000000000000        4.1006827822813563E-002
   321.00000000000000       -2.0371838720044003E-002
   322.00000000000000       0.45327148483262503     
   323.00000000000000       0.26634117922634098     
   324.00000000000000       -3.6191106456538967E-002
   325.00000000000000       -4.2019262517276938E-002
   326.00000000000000       0.21394909902556467     
   327.00000000000000        5.7616027304459942     
   328.00000000000000       -2.4543934176466116E-002
   329.00000000000000       -1.9545773897402939E-002
   330.00000000000000        1.0689958243361706     
   331.00000000000000        1.4902194690485637     
   332.00000000000000       -2.6296137266273958E-002
   333.00000000000000       -3.1217531293019980E-002
   334.00000000000000       0.75777755300644278     
   335.00000000000000       0.10905650871083990     
   336.00000000000000       0.45385443238014750     
   337.00000000000000       -4.0377756732273548E-002
   338.00000000000000        1.9774702775017135E-002
   339.00000000000000       -1.6275516346711320E-002
   340.00000000000000       0.12587713090471025     
   341.00000000000000       0.34601350122850572     
   342.00000000000000       -2.9023732146592752E-002
   343.00000000000000       -1.9306513353388833E-002
   344.00000000000000       -3.5486144463547337E-002
   345.00000000000000       -1.7293290304508317E-002
   346.00000000000000       -1.6828187124187176E-002
   347.00000000000000        1.4627223327433845     
   348.00000000000000        18.163569187411476     
   349.00000000000000       -7.8943905992837453E-003
   350.00000000000000       -4.3035111012859964E-003
   351.00000000000000       -2.4690850754144514E-002
   352.00000000000000       0.27354308677558953     
   353.00000000000000       0.75796552884786061     
   354.00000000000000       0.97530617241649720     
   355.00000000000000       0.41028002088459820     
   356.00000000000000       -2.2726562812957311E-002
   357.00000000000000       0.29559322615960565     
   358.00000000000000       0.16673650089248260     
   359.00000000000000       -2.0715059453195930E-002
   360.00000000000000       -2.5402855575000341E-002
   361.00000000000000       -1.7853771482469263E-002
   362.00000000000000       0.18133069088734127     
   363.00000000000000       -1.1175685516835131E-002
   364.00000000000000       -3.5068500085657130E-002
   365.00000000000000        2.1438450911632462E-002
   366.00000000000000        1.0256730027117846     
   367.00000000000000       -1.0501866907309471E-002
   368.00000000000000       -1.4854927117347237E-002
   369.00000000000000       -1.5596657833647592E-002
   370.00000000000000       0.29975033720575095     
   371.00000000000000       -1.5803414848344383E-002
   372.00000000000000       -1.9019703006957659E-002
   373.00000000000000       -1.0966213181840887E-002
   374.00000000000000       -1.7982696386366182E-002
   375.00000000000000        3.4826878813294070E-002
   376.00000000000000       -1.2313164573197271E-002
   377.00000000000000       0.65507049343193069     
   378.00000000000000       -2.4999870906790345E-002
   379.00000000000000        1.3503458115667406     
   380.00000000000000       -2.1459959223519117E-002
   381.00000000000000       -1.4035979985622620E-002
   382.00000000000000       -2.9641441337847442E-002
   383.00000000000000       -1.7632731022357077E-002
   384.00000000000000        7.6779307380899766     
   385.00000000000000        20.201656501492792     
   386.00000000000000        5.6885425013292476E-003
   387.00000000000000       -2.6229919726462814E-002
   388.00000000000000       -2.4671095069148209E-002
   389.00000000000000       0.12288128676920651     
   390.00000000000000       -9.7185530449464715E-003
   391.00000000000000       0.77685765532458972     
   392.00000000000000       -1.0218440334067444E-002
   393.00000000000000       0.45264759442838498     
   394.00000000000000        2.9377908168319272E-003
   395.00000000000000        9.4746606773582940     
   396.00000000000000       0.19650880803648543     
   397.00000000000000       -2.3437776920348031E-002
   398.00000000000000       -2.3608138319992093E-002
   399.00000000000000       -8.7239780127427308E-003
   400.00000000000000       -2.8152428433191493E-002
   401.00000000000000        5.0163218682174850     
   402.00000000000000       -2.0910210909316263E-002
   403.00000000000000       -1.9010013126809451E-002
   404.00000000000000       0.41690093059251060     
   405.00000000000000        6.1218189062131998     
   406.00000000000000       0.42409768242630724     
   407.00000000000000       -2.8808824021989095E-002
   408.00000000000000       -3.1373360230813621E-002
   409.00000000000000       -3.3070260074552951E-002
   410.00000000000000       -2.1690909934250952E-002
   411.00000000000000       -2.8244993654858049E-002
   412.00000000000000        18.949875560950101     
   413.00000000000000       0.56377273899237168     
   414.00000000000000       -3.9859140788880504E-002
   415.00000000000000       0.32439066285860713     
   416.00000000000000       -1.3086518121049244E-002
   417.00000000000000       0.42109480042773278     
   418.00000000000000       0.11099343573899034     
   419.00000000000000       -2.0936489489149199E-002
   420.00000000000000        5.5893411182774556E-002
   421.00000000000000       0.10046751606488297     
   422.00000000000000       -1.3838313837528985E-003
   423.00000000000000       -5.1788653662051239E-003
   424.00000000000000       -2.1882136456555314E-002
   425.00000000000000       -1.9496568423637853E-002
   426.00000000000000       -8.3941841819927584E-003
   427.00000000000000       -3.1692776136363635E-002
   428.00000000000000       -2.3076603387525617E-002
   429.00000000000000        2.0325293247800893     
   430.00000000000000       -2.3181439231150375E-002
   431.00000000000000        1.8854431307591020     
   432.00000000000000       -2.2659302207072556E-002
   433.00000000000000       -1.7987878304773667E-002
   434.00000000000000       -7.9372291423768088E-003
   435.00000000000000       0.44015442764861318     
   436.00000000000000       -7.7269209198541329E-003
   437.00000000000000       -1.7015266704123400E-002
   438.00000000000000       -2.1127392563121877E-002
   439.00000000000000       -2.1375603588630127E-002
   440.00000000000000        1.1664733213362686     
   441.00000000000000       -2.0492216656654318E-002
   442.00000000000000       -1.0954703177628320E-002
   443.00000000000000       -1.7910512550029959E-002
   444.00000000000000       -2.6964239220032188E-002
   445.00000000000000        7.6046135911060366     
   446.00000000000000       -2.1834440559260187E-002
   447.00000000000000        13.428831731048582     
   448.00000000000000       0.31233528745392136     
   449.00000000000000       -1.9002254781519113E-002
   450.00000000000000       -1.1283218617212522E-002
   451.00000000000000       -3.0236223043823944E-002
   452.00000000000000        2.8835007916120176E-002
   453.00000000000000       0.24424551106177764     
   454.00000000000000       -2.8194450233843857E-002
   455.00000000000000       -8.7987327826794578E-003
   456.00000000000000        5.3843721626184022     
   457.00000000000000       -2.4009530324545073E-002
   458.00000000000000       0.14700934821617714     
   459.00000000000000        25.270482110154799     
   460.00000000000000       -1.9749030394470669E-002
   461.00000000000000       -1.2432819245089724E-002
   462.00000000000000       -4.7925220869053674E-002
   463.00000000000000        2.0857425896926820     
   464.00000000000000       -6.0935886259890536E-003
   465.00000000000000       -2.6683536703350660E-002
   466.00000000000000       -2.8203643941379104E-002
   467.00000000000000       -2.7473214764405621E-002
   468.00000000000000        5.9169845829317842E-002
   469.00000000000000       -1.6435274573614045E-002
   470.00000000000000       -1.7866480357233573E-002
   471.00000000000000       -3.0295286223944617E-002
   472.00000000000000       -2.4199822483237377E-002
   473.00000000000000        1.6445638311244215     
   474.00000000000000       -2.5480664069580480E-002
   475.00000000000000       0.21627134353999489     
   476.00000000000000       -4.3476074465404198E-002
   477.00000000000000       -2.5729516732117687E-002
   478.00000000000000       -1.8498404751666572E-002
   479.00000000000000       -1.6256920331891814E-002
   480.00000000000000       0.38453082910282066     
   481.00000000000000       -1.3077218811424478E-002
   482.00000000000000       -1.2537129469069201E-002
   483.00000000000000       -2.0220962848612512E-002
   484.00000000000000       -2.4633013239540719E-002
   485.00000000000000        11.088110361340512     
   486.00000000000000        2.4439744346702916     
   487.00000000000000        4.0504675507041357E-002
   488.00000000000000       0.11021639376347951     
   489.00000000000000        2.0358958843910403E-002
   490.00000000000000       -7.1982360855504836E-003
   491.00000000000000       0.94977117884636153     
   492.00000000000000       -1.8265963064369131E-002
   493.00000000000000        5.0464901151328840     
   494.00000000000000       -7.7222806983047029E-003
   495.00000000000000        1.8475655985753948E-002
   496.00000000000000       -1.2104376752941595E-002
   497.00000000000000        4.7295220900095218     
   498.00000000000000       -3.0247045142809494E-002
   499.00000000000000        3.6714631156252050E-003
   500.00000000000000        1.7270946102344040     
