      
   1.0000000000000000E-004  0.98441760888962893     
   2.0000000000000001E-004  0.98441782673281564     
   2.9999999999999997E-004  0.98441815354080553     
   4.0000000000000002E-004  0.98441858936540350     
   5.0000000000000001E-004  0.98441913427560512     
   5.9999999999999995E-004  0.98441978835752808     
   6.9999999999999999E-004  0.98442055171432619     
   8.0000000000000004E-004  0.98442142446608649     
   8.9999999999999998E-004  0.98442240674970849     
   1.0000000000000000E-003  0.98442349871875967     
   1.1000000000000001E-003  0.98442470054331388     
   1.1999999999999999E-003  0.98442601240976890     
   1.2999999999999999E-003  0.98442743452064063     
   1.4000000000000000E-003  0.98442896709433381     
   1.5000000000000000E-003  0.98443061036488955     
   1.6000000000000001E-003  0.98443236458170480     
   1.6999999999999999E-003  0.98443423000922603     
   1.8000000000000000E-003  0.98443620692661682     
   1.9000000000000000E-003  0.98443829562738927     
   2.0000000000000000E-003  0.98444049641900699     
   2.0999999999999999E-003  0.98444280962245578     
   2.2000000000000001E-003  0.98444523557177455     
   2.3000000000000000E-003  0.98444777461355137     
   2.3999999999999998E-003  0.98445042710637987     
   2.5000000000000001E-003  0.98445319342027171     
   2.5999999999999999E-003  0.98445607393602552     
   2.7000000000000001E-003  0.98445906904455416     
   2.8000000000000000E-003  0.98446217914615353     
   2.8999999999999998E-003  0.98446540464973153     
   3.0000000000000001E-003  0.98446874597197331     
   3.0999999999999999E-003  0.98447220353645870     
   3.2000000000000002E-003  0.98447577777271711     
   3.3000000000000000E-003  0.98447946911522222     
   3.3999999999999998E-003  0.98448327800232283     
   3.5000000000000001E-003  0.98448720487510899     
   3.5999999999999999E-003  0.98449125017621153     
   3.7000000000000002E-003  0.98449541434852783     
   3.8000000000000000E-003  0.98449969783387914     
   3.8999999999999998E-003  0.98450410107159225     
   4.0000000000000001E-003  0.98450862449699816     
   4.1000000000000003E-003  0.98451326853986776     
   4.1999999999999997E-003  0.98451803362275625     
   4.3000000000000000E-003  0.98452292015927279     
   4.4000000000000003E-003  0.98452792855226701     
   4.4999999999999997E-003  0.98453305919193801     
   4.5999999999999999E-003  0.98453831245385803     
   4.7000000000000002E-003  0.98454368869691467     
   4.7999999999999996E-003  0.98454918826119042     
   4.8999999999999998E-003  0.98455481146574531     
   5.0000000000000001E-003  0.98456055860632630     
   5.1000000000000004E-003  0.98456642995301868     
   5.1999999999999998E-003  0.98457242574781445     
   5.3000000000000000E-003  0.98457854620213270     
   5.4000000000000003E-003  0.98458479149427180     
   5.4999999999999997E-003  0.98459116176681694     
   5.5999999999999999E-003  0.98459765712400260     
   5.7000000000000002E-003  0.98460427762904390     
   5.7999999999999996E-003  0.98461102330144623     
   5.8999999999999999E-003  0.98461789411429501     
   6.0000000000000001E-003  0.98462488999155651     
   6.1000000000000004E-003  0.98463201080538776     
   6.1999999999999998E-003  0.98463925637347682     
   6.3000000000000000E-003  0.98464662645643097     
   6.4000000000000003E-003  0.98465412075523029     
   6.4999999999999997E-003  0.98466173890876230     
   6.6000000000000000E-003  0.98466948049146685     
   6.7000000000000002E-003  0.98467734501110160     
   6.7999999999999996E-003  0.98468533190666385     
   6.8999999999999999E-003  0.98469344054648289     
   7.0000000000000001E-003  0.98470167022651500     
   7.1000000000000004E-003  0.98471002016886411     
   7.1999999999999998E-003  0.98471848952055618     
   7.3000000000000001E-003  0.98472707735259501     
   7.4000000000000003E-003  0.98473578265932726     
   7.4999999999999997E-003  0.98474460435814404     
   7.6000000000000000E-003  0.98475354128954951     
   7.7000000000000002E-003  0.98476259221761853     
   7.7999999999999996E-003  0.98477175583087684     
   7.9000000000000008E-003  0.98478103074362211     
   8.0000000000000002E-003  0.98479041549771640     
   8.0999999999999996E-003  0.98479990856484656     
   8.2000000000000007E-003  0.98480950834931402     
   8.3000000000000001E-003  0.98481921319135035     
   8.3999999999999995E-003  0.98482902137095218     
   8.5000000000000006E-003  0.98483893111226539     
   8.6000000000000000E-003  0.98484894058851846     
   8.6999999999999994E-003  0.98485904792749912     
   8.8000000000000005E-003  0.98486925121757907     
   8.8999999999999999E-003  0.98487954851426329     
   8.9999999999999993E-003  0.98488993784725676     
   9.1000000000000004E-003  0.98490041722802235     
   9.1999999999999998E-003  0.98491098465779980     
   9.2999999999999992E-003  0.98492163813604872     
   9.4000000000000004E-003  0.98493237566928127     
   9.4999999999999998E-003  0.98494319528023089     
   9.5999999999999992E-003  0.98495409501730080     
   9.7000000000000003E-003  0.98496507296424074     
   9.7999999999999997E-003  0.98497612724997718     
   9.9000000000000008E-003  0.98498725605853432     
   1.0000000000000000E-002  0.98499845763897131     
   1.0100000000000000E-002  0.98500973031525108     
   1.0200000000000001E-002  0.98502107249596549     
   1.0300000000000000E-002  0.98503248268383803     
   1.0400000000000000E-002  0.98504395948491130     
   1.0500000000000001E-002  0.98505550161734556     
   1.0600000000000000E-002  0.98506710791973617     
   1.0699999999999999E-002  0.98507877735888350     
   1.0800000000000001E-002  0.98509050903693074     
   1.0900000000000000E-002  0.98510230219779904     
   1.0999999999999999E-002  0.98511415623285714     
   1.1100000000000000E-002  0.98512607068577263     
   1.1200000000000000E-002  0.98513804525648341     
   1.1299999999999999E-002  0.98515007980424818     
   1.1400000000000000E-002  0.98516217434975306     
   1.1500000000000000E-002  0.98517432907624547     
   1.1599999999999999E-002  0.98518654432968400     
   1.1700000000000000E-002  0.98519882061789643     
   1.1800000000000000E-002  0.98521115860876041     
   1.1900000000000001E-002  0.98522355912743187     
   1.2000000000000000E-002  0.98523602315263947     
   1.2100000000000000E-002  0.98524855181208792     
   1.2200000000000001E-002  0.98526114637703355     
   1.2300000000000000E-002  0.98527380825607336     
   1.2400000000000000E-002  0.98528653898819429     
   1.2500000000000001E-002  0.98529934023520405     
   1.2600000000000000E-002  0.98531221377358225     
   1.2699999999999999E-002  0.98532516148585236     
   1.2800000000000001E-002  0.98533818535154338     
   1.2900000000000000E-002  0.98535128743784706     
   1.2999999999999999E-002  0.98536446989004478     
   1.3100000000000001E-002  0.98537773492179870     
   1.3200000000000000E-002  0.98539108480539273     
   1.3299999999999999E-002  0.98540452186200511     
   1.3400000000000000E-002  0.98541804845209346     
   1.3500000000000000E-002  0.98543166696597273     
   1.3599999999999999E-002  0.98544537981465219     
   1.3700000000000000E-002  0.98545918942099020     
   1.3800000000000000E-002  0.98547309821124174     
   1.3899999999999999E-002  0.98548710860703936     
   1.4000000000000000E-002  0.98550122301785059     
   1.4100000000000000E-002  0.98551544383395695     
   1.4200000000000001E-002  0.98552977341998238     
   1.4300000000000000E-002  0.98554421410899395     
   1.4400000000000000E-002  0.98555876819719446     
   1.4500000000000001E-002  0.98557343793921171     
   1.4600000000000000E-002  0.98558822554399639     
   1.4700000000000000E-002  0.98560313317131942     
   1.4800000000000001E-002  0.98561816292886950     
   1.4900000000000000E-002  0.98563331686992839     
   1.4999999999999999E-002  0.98564859699161866     
   1.5100000000000001E-002  0.98566400523369191     
   1.5200000000000000E-002  0.98567954347785458     
   1.5299999999999999E-002  0.98569521354757850     
   1.5400000000000000E-002  0.98571101720838172     
   1.5500000000000000E-002  0.98572695616855199     
   1.5599999999999999E-002  0.98574303208027914     
   1.5699999999999999E-002  0.98575924654115810     
   1.5800000000000002E-002  0.98577560109602558     
   1.5900000000000001E-002  0.98579209723912609     
   1.6000000000000000E-002  0.98580873641654243     
   1.6100000000000000E-002  0.98582552002886359     
   1.6199999999999999E-002  0.98584244943406951     
   1.6299999999999999E-002  0.98585952595060089     
   1.6400000000000001E-002  0.98587675086058957     
   1.6500000000000001E-002  0.98589412541321042     
   1.6600000000000000E-002  0.98591165082813415     
   1.6700000000000000E-002  0.98592932829906432     
   1.6799999999999999E-002  0.98594715899733398     
   1.6899999999999998E-002  0.98596514407554270     
   1.7000000000000001E-002  0.98598328467120988     
   1.7100000000000001E-002  0.98600158191048115     
   1.7200000000000000E-002  0.98602003691181050     
   1.7299999999999999E-002  0.98603865078962238     
   1.7399999999999999E-002  0.98605742465799928     
   1.7500000000000002E-002  0.98607635963437901     
   1.7600000000000001E-002  0.98609545684323263     
   1.7700000000000000E-002  0.98611471741974732     
   1.7800000000000000E-002  0.98613414251355758     
   1.7899999999999999E-002  0.98615373329250533     
   1.7999999999999999E-002  0.98617349094647733     
   1.8100000000000002E-002  0.98619341669132810     
   1.8200000000000001E-002  0.98621351177294037     
   1.8300000000000000E-002  0.98623377747146623     
   1.8400000000000000E-002  0.98625421510576716     
   1.8499999999999999E-002  0.98627482603815908     
   1.8599999999999998E-002  0.98629561167948643     
   1.8700000000000001E-002  0.98631657349461077     
   1.8800000000000001E-002  0.98633771300841888     
   1.8900000000000000E-002  0.98635903181243123     
   1.9000000000000000E-002  0.98638053157212646     
   1.9099999999999999E-002  0.98640221403515405     
   1.9199999999999998E-002  0.98642408104053259     
   1.9300000000000001E-002  0.98644613452900465     
   1.9400000000000001E-002  0.98646837655482011     
   1.9500000000000000E-002  0.98649080929912891     
   1.9599999999999999E-002  0.98651343508525802     
   1.9699999999999999E-002  0.98653625639619558     
   1.9800000000000002E-002  0.98655927589466508     
   1.9900000000000001E-002  0.98658249644620133     
   2.0000000000000000E-002  0.98660592114571732     
   2.0100000000000000E-002  0.98662955334817626     
   2.0199999999999999E-002  0.98665339670403818     
   2.0299999999999999E-002  0.98667745520031203     
   2.0400000000000001E-002  0.98670173320816046     
   2.0500000000000001E-002  0.98672623553818684     
   2.0600000000000000E-002  0.98675096750475211     
   2.0700000000000000E-002  0.98677593500092164     
   2.0799999999999999E-002  0.98680114458590762     
   2.0899999999999998E-002  0.98682660358729202     
   2.1000000000000001E-002  0.98685232022069769     
   2.1100000000000001E-002  0.98687830373009089     
   2.1200000000000000E-002  0.98690456455256081     
   2.1299999999999999E-002  0.98693111451214321     
   2.1399999999999999E-002  0.98695796704818106     
   2.1499999999999998E-002  0.98698513748475181     
   2.1600000000000001E-002  0.98701264334900651     
   2.1700000000000001E-002  0.98704050474784555     
   2.1800000000000000E-002  0.98706874481412721     
   2.1899999999999999E-002  0.98709739023581866     
   2.1999999999999999E-002  0.98712647188407576     
   2.2100000000000002E-002  0.98715602555915904     
   2.2200000000000001E-002  0.98718609287654413     
   2.2300000000000000E-002  0.98721672231926660     
   2.2400000000000000E-002  0.98724797048672963     
   2.2499999999999999E-002  0.98727990357425222     
   2.2599999999999999E-002  0.98731259912129232     
   2.2700000000000001E-002  0.98734614806874232     
   2.2800000000000001E-002  0.98738065716526036     
   2.2900000000000000E-002  0.98741625175697134     
   2.3000000000000000E-002  0.98745307897982626     
   2.3099999999999999E-002  0.98749131134271428     
   2.3199999999999998E-002  0.98753115063124819     
   2.3300000000000001E-002  0.98757283195968792     
   2.3400000000000001E-002  0.98761662762440416     
   2.3500000000000000E-002  0.98766285012496013     
   2.3599999999999999E-002  0.98771185325470123     
   2.3699999999999999E-002  0.98776402942911112     
   2.3800000000000002E-002  0.98781980029012484     
   2.3900000000000001E-002  0.98787959593932628     
   2.4000000000000000E-002  0.98794381575670209     
   2.4100000000000000E-002  0.98801276060851162     
   2.4199999999999999E-002  0.98808652267274633     
   2.4299999999999999E-002  0.98816481642356535     
   2.4400000000000002E-002  0.98824673596279944     
   2.4500000000000001E-002  0.98833043741353388     
   2.4600000000000000E-002  0.98841278474542182     
   2.4700000000000000E-002  0.98848908569692251     
   2.4799999999999999E-002  0.98855320736590413     
   2.4899999999999999E-002  0.98859860591504012     
   2.5000000000000001E-002  0.98862107122187470     
   2.5100000000000001E-002  0.98862410290030989     
   2.5200000000000000E-002  0.98862767658173123     
   2.5300000000000000E-002  0.98868157434620796     
   2.5399999999999999E-002  0.98888916631819412     
   2.5499999999999998E-002  0.98945961716064135     
   2.5600000000000001E-002  0.99078850153021669     
   2.5700000000000001E-002  0.99337429674761291     
   2.5800000000000000E-002  0.99716272845070575     
   2.5899999999999999E-002   1.0009184055201328     
   2.5999999999999999E-002   1.0032709085202967     
   2.6100000000000002E-002   1.0041327814122425     
   2.6200000000000001E-002   1.0042434059066949     
   2.6300000000000000E-002   1.0041942571373739     
   2.6400000000000000E-002   1.0042133383771159     
   2.6499999999999999E-002   1.0043249888123256     
   2.6599999999999999E-002   1.0044908305362181     
   2.6700000000000002E-002   1.0046715453985529     
   2.6800000000000001E-002   1.0048428730458598     
   2.6900000000000000E-002   1.0049942274399810     
   2.7000000000000000E-002   1.0051234859267992     
   2.7099999999999999E-002   1.0052326340145370     
   2.7199999999999998E-002   1.0053251042309874     
   2.7300000000000001E-002   1.0054044346302973     
   2.7400000000000001E-002   1.0054737175659674     
   2.7500000000000000E-002   1.0055354520543696     
   2.7600000000000000E-002   1.0055915734939551     
   2.7699999999999999E-002   1.0056435449612338     
   2.7799999999999998E-002   1.0056924574053412     
   2.7900000000000001E-002   1.0057391182568625     
   2.8000000000000001E-002   1.0057841229033806     
   2.8100000000000000E-002   1.0058279096636713     
   2.8199999999999999E-002   1.0058708009616604     
   2.8299999999999999E-002   1.0059130337037676     
   2.8400000000000002E-002   1.0059547815069372     
   2.8500000000000001E-002   1.0059961708979752     
   2.8600000000000000E-002   1.0060372931018409     
   2.8700000000000000E-002   1.0060782126197483     
   2.8799999999999999E-002   1.0061189734747962     
   2.8899999999999999E-002   1.0061596037608467     
   2.9000000000000001E-002   1.0062001189533427     
   2.9100000000000001E-002   1.0062405243122716     
   2.9200000000000000E-002   1.0062808166148229     
   2.9300000000000000E-002   1.0063209853888804     
   2.9399999999999999E-002   1.0063610137704788     
   2.9499999999999998E-002   1.0064008790740255     
   2.9600000000000001E-002   1.0064405531393399     
   2.9700000000000001E-002   1.0064800025014555     
   2.9800000000000000E-002   1.0065191884164233     
   2.9899999999999999E-002   1.0065580667676812     
   2.9999999999999999E-002   1.0065965878711298     
   3.0099999999999998E-002   1.0066346961936479     
   3.0200000000000001E-002   1.0066723299985594     
   3.0300000000000001E-002   1.0067094209315466     
   3.0400000000000000E-002   1.0067458935630118     
   3.0499999999999999E-002   1.0067816649066568     
   3.0599999999999999E-002   1.0068166439394670     
   3.0700000000000002E-002   1.0068507311554722     
   3.0800000000000001E-002   1.0068838181938358     
   3.0900000000000000E-002   1.0069157875909942     
   3.1000000000000000E-002   1.0069465127162922     
   3.1099999999999999E-002   1.0069758579598820     
   3.1199999999999999E-002   1.0070036792495067     
   3.1300000000000001E-002   1.0070298249781198     
   3.1399999999999997E-002   1.0070541374252751     
   3.1500000000000000E-002   1.0070764547498470     
   3.1600000000000003E-002   1.0070966136178170     
   3.1699999999999999E-002   1.0071144525045292     
   3.1800000000000002E-002   1.0071298156738027     
   3.1899999999999998E-002   1.0071425577861315     
   3.2000000000000001E-002   1.0071525490261244     
   3.2099999999999997E-002   1.0071596805681649     
   3.2199999999999999E-002   1.0071638701264591     
   3.2300000000000002E-002   1.0071650672719656     
   3.2399999999999998E-002   1.0071632581576826     
   3.2500000000000001E-002   1.0071584692910649     
   3.2599999999999997E-002   1.0071507700416200     
   3.2700000000000000E-002   1.0071402736805495     
   3.2800000000000003E-002   1.0071271369142902     
   3.2899999999999999E-002   1.0071115580770920     
   3.3000000000000002E-002   1.0070937743555601     
   3.3099999999999997E-002   1.0070740585849631     
   3.3200000000000000E-002   1.0070527162355201     
   3.3300000000000003E-002   1.0070300831583616     
   3.3399999999999999E-002   1.0070065244712529     
   3.3500000000000002E-002   1.0069824346525758     
   3.3599999999999998E-002   1.0069582385306548     
   3.3700000000000001E-002   1.0069343924831358     
   3.3799999999999997E-002   1.0069113848844158     
   3.3900000000000000E-002   1.0068897347306021     
   3.4000000000000002E-002   1.0068699874707201     
   3.4099999999999998E-002   1.0068527073760689     
   3.4200000000000001E-002   1.0068384662383632     
   3.4299999999999997E-002   1.0068278287211223     
   3.4400000000000000E-002   1.0068213352030480     
   3.4500000000000003E-002   1.0068194833589914     
   3.4599999999999999E-002   1.0068227099593894     
   3.4700000000000002E-002   1.0068313744034956     
   3.4799999999999998E-002   1.0068457453421142     
   3.4900000000000000E-002   1.0068659914294702     
   3.5000000000000003E-002   1.0068921768289771     
   3.5099999999999999E-002   1.0069242616484553     
   3.5200000000000002E-002   1.0069621070569774     
   3.5299999999999998E-002   1.0070054844838285     
   3.5400000000000001E-002   1.0070540880490200     
   3.5499999999999997E-002   1.0071075492345745     
   3.5600000000000000E-002   1.0071654527711205     
   3.5700000000000003E-002   1.0072273527693318     
   3.5799999999999998E-002   1.0072927882474152     
   3.5900000000000001E-002   1.0073612973705068     
   3.5999999999999997E-002   1.0074324299026649     
   3.6100000000000000E-002   1.0075057575573700     
   3.6200000000000003E-002   1.0075808821039265     
   3.6299999999999999E-002   1.0076574412346322     
   3.6400000000000002E-002   1.0077351123153806     
   3.6499999999999998E-002   1.0078136142290226     
   3.6600000000000001E-002   1.0078927075766411     
   3.6700000000000003E-002   1.0079721935303909     
   3.6799999999999999E-002   1.0080519116369708     
   3.6900000000000002E-002   1.0081317368581357     
   3.6999999999999998E-002   1.0082115761089210     
   3.7100000000000001E-002   1.0082913645202143     
   3.7199999999999997E-002   1.0083710616144497     
   3.7300000000000000E-002   1.0084506475441102     
   3.7400000000000003E-002   1.0085301195058192     
   3.7499999999999999E-002   1.0086094884093855     
   3.7600000000000001E-002   1.0086887758522169     
   3.7699999999999997E-002   1.0087680114258653     
   3.7800000000000000E-002   1.0088472303627225     
   3.7900000000000003E-002   1.0089264715167678     
   3.7999999999999999E-002   1.0090057756626225     
   3.8100000000000002E-002   1.0090851840906931     
   3.8199999999999998E-002   1.0091647374727710     
   3.8300000000000001E-002   1.0092444749711653     
   3.8399999999999997E-002   1.0093244335644480     
   3.8500000000000000E-002   1.0094046475640073     
   3.8600000000000002E-002   1.0094851482971614     
   3.8699999999999998E-002   1.0095659639342804     
   3.8800000000000001E-002   1.0096471194389069     
   3.8899999999999997E-002   1.0097286366213940     
   3.9000000000000000E-002   1.0098105342775374     
   3.9100000000000003E-002   1.0098928283946835     
   3.9199999999999999E-002   1.0099755324086095     
   3.9300000000000002E-002   1.0100586574953863     
   3.9399999999999998E-002   1.0101422128833890     
   3.9500000000000000E-002   1.0102262061719116     
   3.9600000000000003E-002   1.0103106436445060     
   3.9699999999999999E-002   1.0103955305669825     
   3.9800000000000002E-002   1.0104808714621343     
   3.9899999999999998E-002   1.0105666703555936     
   4.0000000000000001E-002   1.0106529309896015     
   4.0099999999999997E-002   1.0107396570034886     
   4.0200000000000000E-002   1.0108268520818133     
   4.0300000000000002E-002   1.0109145200727927     
   4.0399999999999998E-002   1.0110026650808537     
   4.0500000000000001E-002   1.0110912915382189     
   4.0599999999999997E-002   1.0111804042607684     
   4.0700000000000000E-002   1.0112700084936932     
   4.0800000000000003E-002   1.0113601099522207     
   4.0899999999999999E-002   1.0114507148625547     
   4.1000000000000002E-002   1.0115418300068786     
   4.1099999999999998E-002   1.0116334627757484     
   4.1200000000000001E-002   1.0117256212302186     
   4.1300000000000003E-002   1.0118183141738604     
   4.1399999999999999E-002   1.0119115512334880     
   4.1500000000000002E-002   1.0120053429447224     
   4.1599999999999998E-002   1.0120997008353811     
   4.1700000000000001E-002   1.0121946374960331     
   4.1799999999999997E-002   1.0122901666225987     
   4.1900000000000000E-002   1.0123863030106455     
   4.2000000000000003E-002   1.0124830624758778     
   4.2099999999999999E-002   1.0125804616710097     
   4.2200000000000001E-002   1.0126785177662292     
   4.2299999999999997E-002   1.0127772479615060     
   4.2400000000000000E-002   1.0128766688058204     
   4.2500000000000003E-002   1.0129767953128941     
   4.2599999999999999E-002   1.0130776398872334     
   4.2700000000000002E-002   1.0131792111081950     
   4.2799999999999998E-002   1.0132815124609116     
   4.2900000000000001E-002   1.0133845411452056     
   4.2999999999999997E-002   1.0134882871280104     
   4.3099999999999999E-002   1.0135927326193890     
   4.3200000000000002E-002   1.0136978521357942     
   4.3299999999999998E-002   1.0138036132605697     
   4.3400000000000001E-002   1.0139099781226584     
   4.3499999999999997E-002   1.0140169055039689     
   4.3600000000000000E-002   1.0141243533762072     
   4.3700000000000003E-002   1.0142322815853773     
   4.3799999999999999E-002   1.0143406543689399     
   4.3900000000000002E-002   1.0144494424163675     
   4.3999999999999997E-002   1.0145586242623608     
   4.4100000000000000E-002   1.0146681869133591     
   4.4200000000000003E-002   1.0147781257250788     
   4.4299999999999999E-002   1.0148884436467991     
   4.4400000000000002E-002   1.0149991500104232     
   4.4499999999999998E-002   1.0151102590636152     
   4.4600000000000001E-002   1.0152217884331818     
   4.4699999999999997E-002   1.0153337576673429     
   4.4800000000000000E-002   1.0154461869571023     
   4.4900000000000002E-002   1.0155590960886542     
   4.4999999999999998E-002   1.0156725036366321     
   4.5100000000000001E-002   1.0157864263754528     
   4.5199999999999997E-002   1.0159008788620099     
   4.5300000000000000E-002   1.0160158731259150     
   4.5400000000000003E-002   1.0161314183895926     
   4.5499999999999999E-002   1.0162475207275679     
   4.5600000000000002E-002   1.0163641825621066     
   4.5699999999999998E-002   1.0164814018865298     
   4.5800000000000000E-002   1.0165991711256888     
   4.5900000000000003E-002   1.0167174756227695     
   4.5999999999999999E-002   1.0168362919483642     
   4.6100000000000002E-002   1.0169555866505497     
   4.6199999999999998E-002   1.0170753167531474     
   4.6300000000000001E-002   1.0171954341200973     
   4.6399999999999997E-002   1.0173158961415656     
   4.6500000000000000E-002   1.0174366838647666     
   4.6600000000000003E-002   1.0175578244319061     
   4.6699999999999998E-002   1.0176794079518903     
   4.6800000000000001E-002   1.0178015840139529     
   4.6899999999999997E-002   1.0179245271300819     
   4.7000000000000000E-002   1.0180483766131367     
   4.7100000000000003E-002   1.0181731759942678     
   4.7199999999999999E-002   1.0182988429288518     
   4.7300000000000002E-002   1.0184251842928267     
   4.7399999999999998E-002   1.0185519447573521     
   4.7500000000000001E-002   1.0186788614537539     
   4.7600000000000003E-002   1.0188057012798677     
   4.7699999999999999E-002   1.0189322725465055     
   4.7800000000000002E-002   1.0190584157898688     
   4.7899999999999998E-002   1.0191839834880208     
   4.8000000000000001E-002   1.0193088167904785     
   4.8099999999999997E-002   1.0194327234510061     
   4.8200000000000000E-002   1.0195554578315689     
   4.8300000000000003E-002   1.0196767019680608     
   4.8399999999999999E-002   1.0197960459678403     
   4.8500000000000001E-002   1.0199129659101771     
   4.8599999999999997E-002   1.0200267975661046     
   4.8700000000000000E-002   1.0201367044918903     
   4.8800000000000003E-002   1.0202416394118474     
   4.8899999999999999E-002   1.0203402984638528     
   4.9000000000000002E-002   1.0204310691497802     
   4.9099999999999998E-002   1.0205119752122929     
   4.9200000000000001E-002   1.0205806258747327     
   4.9299999999999997E-002   1.0206341838912234     
   4.9399999999999999E-002   1.0206693776868236     
   4.9500000000000002E-002   1.0206825980403182     
   4.9599999999999998E-002   1.0206701379096637     
   4.9700000000000001E-002   1.0206286492850059     
   4.9799999999999997E-002   1.0205558893932676     
   4.9900000000000000E-002   1.0204517853723039     
   5.0000000000000003E-002   1.0203197304757725     
