 #*EXTRAS*# Step:       12001  Bead:      0
1.3872700084294052      0.39969666067843906     -0.24466194436160296
0.6528471669505179      1.3847616914311096      -0.8867252013467019
0.7382424837202505      -0.6696562889039228     0.2230591626218472
2.8154140591302514      0.5345282592528435      -0.37895056386832626
1.2859958739724517      2.2712498753860424      -1.2722851205136176
1.4048470169545237      -1.430663867459639      0.5782537864994406
4.414112250852935       -0.15125392228848303    0.5145038078716179
3.4403225506075086      -0.3284289861929278     0.5731101682141273
3.562268687427513       1.4245450683932002      -1.001913188973132
-1.3848206240292684     0.17301276891107567     -0.4637184410874867
-0.5955718954971461     -0.7538598502679345     0.23432459912952935
-0.7732203359172068     1.3761458161376123      -0.9211295880369473
-2.905902627195526      0.3346915838373481      -0.36103721256316906
-1.069827728345886      -1.5338775071402055     0.7388382938890902
-1.1787479086623722     2.10726433372828        -1.3331949213349175
-4.828379690252672      1.1683389835071716      -1.0673720622827567
-3.5734601537054225     1.0841369940974621      -1.23130033489015
-3.4648084621246262     -0.49931014844663885    0.4527912565213756
0.39241827870784846     0.7556861164262132      3.420249871870291
-0.31250053567117614    1.8226836553772638      2.91946028125903
-0.38425467612821557    -0.4702111604719523     3.776691326165158
1.8498936025488117      0.8104669111243836      3.4086974849561464
0.18694913026429802     2.7891508954240454      2.3006277026616715
0.1852544829547383      -1.4061236595091244     3.9831375305353394
4.126151097125286       0.24755398652265742     4.144759904136508
2.5736581831542065      -0.00607640063691148    4.204104795630845
2.3262401244828177      1.754497406387719       2.5643982583529903
-2.3433381130640925     0.6718613104144652      3.420830979915708
-1.7457573504042379     -0.4678691950844499     3.7955077953534664
-1.713704838016843      1.829476224130019       2.932337362119799
-3.88054487773835       0.7231162140773024      3.370121714801246
-2.433294242780721      -1.440531596527085      4.151574139106252
-2.2533303487618213     2.7448924810861275      2.5691492922364114
-5.887304281795707      1.59162467795717        2.5381586718478784
-4.505692409862531      1.7657590318761838      2.9581562135665864
-4.548073275788803      -0.3025160855195868     3.883357435743734
-0.6642086542672749     1.2274186787466717      6.627415450902918
-1.3473441683973686     2.301513168446773       6.317216497029948
-1.32311603189185       0.10104727166890144     7.166206371996335
0.8730496723725667      1.1499088883988793      6.707108713641167
-0.7381783460379573     3.2876331719465743      6.134441760087643
-0.7357093273441686     -0.7680001672133615     7.604556389897692
2.886262103585664       0.31582488900006955     7.161630225473406
1.5554797204874045      0.19403217799435538     7.119296305696891
1.5710859333512557      2.144630306228288       6.063724464293793
-3.4252831416565668     1.162683095914549       6.7919764055744345
-2.6609326818519037     0.05719845515492488     7.183327140834998
-2.848935291824791      2.358485158016123       6.433063201573244
-4.97732178331093       1.143438449578885       6.96860130567023
-3.2464500694057454     -0.8634453544868911     7.535502333937756
-3.277415315301192      3.265306320841263       5.8953222441225535
-6.72046914418526       2.0926480025328824      6.635672872107906
-5.638715059263387      2.103090137202289       6.238219575141341
-5.552943253765999      0.19156978136239414     7.480014861899401
3.445111488045409       -0.7489032526460124     -7.179347468676326
2.7817809626361885      0.38711959256104467     -7.771142096102317
2.702681299542166       -1.8587524362608137     -6.58970844587904
4.9353593911970925      -0.758921034779742      -7.165024189465657
3.170381192816557       1.1939146771884968      -8.591982806221429
3.2789707643004427      -2.6074752524642215     -6.035677499937604
7.205821820046847       -1.8923211612526316     -6.42801554264553
5.596896933271908       -1.6168374248193735     -6.619035076636991
5.504486195615459       0.42311017070539536     -7.627320874427965
0.7461097644114449      -0.7221069993111427     -7.191757810707219
1.3400506896695885      -1.9157969159900308     -6.766863209589714
1.3439694780785165      0.4758517827789639      -7.714118272706076
-0.7841351597817887     -0.8155441389384287     -7.3362099856559455
0.7678955742655507      -2.7572893861968035     -6.291555000319786
0.872783853210511       1.2385376825233683      -8.2637485897404
-2.468490831042597      0.2516718009564371      -7.817848935268929
-1.3732984421649246     0.23679887357840934     -7.927933115645866
-1.3875866529551584     -1.6219199618985312     -6.590034601878648
2.7217567198723898      -0.2425180467098195     -3.711040301939372
2.118897046833208       0.7624326017413062      -4.365329079316017
1.9696039717407943      -1.3358776719373082     -3.177539828231568
4.297713543642521       -0.14622140580458162    -3.5276068845594084
2.8275900235383453      1.56367933410943        -4.7005837280030605
2.3057104011193443      -2.05808002227755       -2.4566845462093214
5.787448083152926       -0.941554685564529      -2.9132977049598208
4.854030144568167       -1.1333659721085423     -2.9294657662519206
4.950234592427706       0.8392936156205971      -4.0526399040798
-0.09489177714923015    -0.2054775090501652     -3.8922617056612023
0.5845223173696015      -1.2505471043405858     -3.2672245561472337
0.7606739354554467      0.8483245413624214      -4.511557354907261
-1.550619449391807      -0.0934202481403623     -3.9597278299141214
0.026314721349981706    -2.1444090237471642     -2.6261478284131687
0.12815692978385365     1.691934571805747       -4.8962947338409215
-3.8032971491867955     0.9381568033773726      -4.599087412968836
-2.198572764865006      0.7907509104253262      -4.497279558239067
-2.2194466105709103     -1.068094289841614      -3.27725846957238
7.05623022837825        -4.698522651719286      -0.33578764299589653
6.319823872292471       -3.690047492854854      -0.9592973936971506
-5.173002005530987      4.029057772477174       0.24723047500652906
8.55618655607043        -4.787707325781725      -0.43037439740276623
6.834757532429321       -2.881477913420668      -1.5093783332763917
-4.573994439804226      3.356173618894947       0.9274730176039744
-1.19028950347322       4.267207489140734       0.11153287898688131
-2.4124966900408387     4.139167985202656       0.2639590641980236
9.09361623540957        -3.8467321815312023     -1.1126563588488405
4.296293793319334       -4.749918311181559      -0.3123003077610754
-6.533242641832814      4.107653077152961       0.3788783443734317
4.920468130981728       -3.6966920358638986     -0.9054716980455519
2.7155170510810276      -4.80551519814783       -0.283299243203905
-7.139384794557242      3.260315837630508       0.9238155857154976
4.657624965644216       -2.992783106474404      -1.5474604695802654
1.1915323900642656      -3.8257809561785168     -1.030862016959963
2.1736736812631756      -3.9622311047221284     -1.0891110225347564
-9.520034916403533      4.331471309708281       0.4258971704676703
6.321359327415488       -4.350784584254612      3.1183869186736013
5.688880690028524       -3.1988310395514774     2.5699121348194502
-5.9648122043948355     4.545811605575513       3.6242279369367947
7.778756409076096       -4.311157506302887      3.1151436807411077
6.155820313033056       -2.4119015035139344     2.177021923958151
-5.408408540312035      3.675832326527787       4.017648230118028
-1.5753512660460194     4.9928478980766835      3.807974913984515
-3.131294561180992      4.771519452761925       3.7982456645441838
8.30008636194992        -3.325371269839717      2.4009158956920027
3.5099019347860994      -4.227933703692375      3.1274873533075698
-7.411726178248447      4.553962441672122       3.6486707697451686
4.214846659309496       -3.1034001557952715     2.599655917193033
1.9886698443631043      -4.188427701948832      3.1542475772004193
-7.914889301162036      3.8885945755341846      4.072949120378495
3.8786913365001654      -2.0233850807977167     2.3835600327496897
-0.1024159618460732     -3.447701501899548      2.4975264931042966
1.248180303503473       -3.386770079920844      2.4912982806364417
-10.089292903008927     4.674435655743085       3.816072562169522
5.36108576645684        -3.74876614627621       6.367671484586047
4.545108645459076       -2.636996162830855      5.868777197783241
-6.893397801975708      4.951968622665833       6.930600150026043
6.8595856186648065      -3.751865778952996      6.4351641920724285
5.056243260177971       -1.5854691361892468     5.452206945265969
-6.377678391332358      4.265131145432011       7.459598226518935
-3.3364390039032674     4.961805438790348       7.455370379681099
-4.2754414431246826     5.213151928293185       7.2878811768036185
7.523621309069332       -2.9343045174285027     5.852943712558256
2.4636784987804172      -3.804575869648575      6.377104034927485
-8.387757838243719      4.921738347116565       6.887013091306929
3.0734316617290927      -2.6157470448776063     5.878675186987258
0.8856391879663261      -3.7740865216177495     6.58230074564419
-8.739844433622494      4.332609647140579       7.531669205145298
2.621803376718305       -1.6883221649420121     5.5225820074063074
-0.7705379661849159     -2.6571972044494694     6.111466356445996
0.2964626542853671      -2.696565534262508      6.096618234485683
-11.184098241347892     5.251744752697006       7.157551302982259
8.848035709103238       -5.683936829259532      -7.3982142053481645
8.219338589699454       -4.594709337401156      -8.090161175276172
-3.4892638500914286     3.2208735599193683      -6.86056469496825
10.358160273609133      -5.708195426749663      -7.333966747055597
8.620810323372327       -3.734752562173824      -8.509683037876952
-3.0047026333282694     2.3782087317133267      -6.215012938311543
1.1036267603750816      3.10053848622501        -6.625719080438287
-0.6010677613638794     3.1152269136692032      -6.922156478170223
10.988808546460632      -4.647088309594952      -7.812637420100703
6.030563331034571       -5.533054485123071      -7.412774463462384
-4.832590270944858      3.277575446072938       -6.838776115514094
6.785508049512205       -4.532014060839026      -8.09695827521688
4.602813456490113       -5.427473933018814      -7.387236005640941
-5.468713217622733      2.5495751227363757      -6.50344386428415
6.217356603099745       -3.8149154504661382     -8.52904587761305
2.3824204386128613      -4.4876555014508765     -8.11160004396447
3.933598559698935       -4.3926829328621935     -7.943698068275835
-7.662529936181029      3.526534487161693       -6.701474126385415
8.438772937686164       -5.235938456780506      -3.8044804770930094
7.825877780172774       -4.094445641404297      -4.370653334061195
-3.818688013573561      3.679277292412614       -3.3188254965645525
9.893161746428088       -5.270254732031467      -3.738164709408286
8.075319626083054       -3.211373189588709      -4.915714306717556
-3.520843305638072      2.6068859587814406      -2.8207169725713928
0.46707117578089713     3.6423979625016885      -3.12610452564495
-0.9450550343261539     3.7575055014125556      -3.2419176008455417
10.515761656183773      -4.293197651028013      -4.277841060940742
5.636073723972307       -5.134181310116194      -3.781004267035392
-5.2885226079287335     3.6312147305639666      -3.3379225263440016
6.3491172718590985      -4.007664613647292      -4.311781528081253
4.078095366647899       -5.182552980627686      -3.805925348059017
-5.830478651078964      2.824071435656841       -2.8688147641571065
5.799338483504819       -3.206137133418901      -4.515365795918951
2.3902607517210637      -4.400732823552825      -4.547028169277719
3.5436434544211615      -4.145029590539852      -4.456068015023005
-8.195216765533962      3.937308224191407       -2.9762741691494083
-8.127838656136387      0.21473768852853672     -0.22023554902113995
-8.756488737519094      1.3577019585993295      -0.804852785707802
10.394583751361612      -0.8309485395199758     0.18377775911945743
-6.582156872276041      0.22995527262868978     -0.22983053390882632
-8.17081856615252       2.1423712438054725      -1.2736726754030607
10.796606795140054      -1.7458398276987293     0.8497835179931222
-4.558487483229 -0.5701163443332506     0.43970651907416536
-5.934906826883076      -0.6671980252010057     0.44165173140662245
-6.01726570287566       1.2370244565719253      -0.8056538642638356
8.231389827996177       0.27549746004169884     -0.4242185517709222
9.007781416341274       -0.8463972958290435     0.21335883940214762
-10.207312699361903     1.3112245496741106      -0.954149004570155
6.75379840253685        0.39025483593165716     -0.2796220498439097
8.534379838334972       -1.5870990424368445     0.7392032224758717
-10.6162576234099       2.3357846614103046      -1.2481511426565943
5.192029477453557       1.326392290042078       -1.0130898977229017
6.196814901683975       1.3861028392209518      -1.008123280232543
6.127267487375498       -0.4571625115613753     0.4740834517621255
-9.097855195340399      0.6173928904839933      3.2760611711623615
-9.759900388327774      1.7126430628585811      2.6185817474696274
9.394224592293357       -0.44914350759117766    3.9168357944581187
-7.57805384320152       0.5599058754823601      3.438806745153809
-9.223276767703005      2.3882816291684525      2.104744058286733
9.94736659541351        -1.4251347232072007     4.3047748766968335
-5.6733383570087454     -0.23662718528917778    3.9755130299502888
-7.035215283528831      -0.27107393738221036    4.220422656018915
-7.0014751442263865     1.5336397258965377      2.560826083706291
7.33664219443163        0.7354991667990667      3.2717963534863084
8.041406303336643       -0.4029392187073404     3.9143418025693624
-11.178804017740166     1.708991592872829       2.4700106758038327
5.826654932345633       0.8818445531468467      3.223853111603388
7.300448599088543       -1.1728406472749        4.342693183025983
-11.58728272507935      2.6582112978148813      2.243812644001415
3.3061982975461928      1.8124553465145943      2.4089251066425885
5.200285586355318       1.7044810828375625      2.560282530190167
5.0906659422184495      0.021187243868822547    4.044517506868898
-10.23957692497018      1.1232380367584733      6.6584493545854
-10.919005917418609     2.1411134240462935      6.090279686482697
8.345656032021138       -0.10983592812758783    7.147833340227711
-8.781336777063188      1.1196231900354294      6.895106128713371
-10.311348019539384     2.950265794432378       5.711954495458038
8.786022951006574       -0.876600570086613      7.58123221763265
-7.206298116749053      0.1346013185471798      7.41705044233179
-8.237612957129226      0.05110705239968347     7.557655323372353
-8.139096911168801      2.0330817244355246      6.439423317819846
6.270345065445139       1.088998316967816       6.632577945686079
6.950201019585888       -0.02522762499151074    7.149403407201402
-12.274904849169555     2.164010702399675       6.088812798755885
4.700896314731094       1.1427684651536283      6.607436563863089
6.313103285408263       -0.8350999847541581     7.657634460035991
-12.891509975516614     2.9260547675072837      5.725195311003855
2.5339573767717303      2.180490288159905       6.279519723844894
4.033877593655662       2.069756417147134       5.97790374496365
3.9491302627174885      0.21775295750778179     7.33405710780429
-6.142058411658827      -0.7627056205719843     -7.272826221142112
-6.887812292364928      0.3278169142568535      -7.808185378314907
12.45239995827491       -1.902670462343663      -6.725493345687071
-4.605611319991636      -0.7000254395784001     -7.207220990532162
-6.516420552595552      1.3122927796541721      -8.065562784477267
13.025981431855243      -2.7238906067224047     -6.196732553544001
-2.6528341602008556     -1.6498097269860914     -6.571252954088176
-3.906657553893269      -1.5353526375732574     -6.461987976075477
-3.9619487531795228     0.18251712377064988     -7.92655764733262
10.241092851125364      -0.8784957852060902     -7.109695173704056
11.004027834313863      -1.9721193789088007     -6.6352977928615
-8.293331349476077      0.20213577667471658     -7.7469268566517835
8.755881413746971       -0.8451063687537014     -7.072465356293354
10.524457144001497      -2.898512382140025      -6.280302759503343
-8.830154123904618      1.014679571990869       -8.100753652537652
6.620812767836667       0.4033062332789355      -7.588336198013234
8.021397329309178       0.10250713472194599     -7.444241338773108
8.192798773467276       -1.919204023159335      -6.622224985581498
-6.903625046300265      -0.0931602785325691     -3.9033249990137455
-7.5956615618129115     1.1014488723021993      -4.348630471739198
-7.582186805718109      -1.2116118027353955     -3.4181177188111236
-5.354863872078201      -0.04847428958730806    -3.946455857540845
-7.07088162445572       2.045323061243457       -4.565729922468727
12.20042310155911       -2.129130970284446      -2.991900283635621
-3.235424004908447      -1.023288111450091      -3.5491622778744
-4.63077026046507       -0.969981372606458      -3.5859158519709733
-4.774982523548631      1.0558397966624495      -4.5463222647201675
9.479848174440775       -0.15430027780909905    -3.7888256712730466
10.294267956560063      -1.2539188056296573     -3.4481405253192348
-9.01802709886872       1.0774130268891093      -4.167233066244662
8.112074062925876       -0.18696232102332705    -3.7512422815994815
9.692148308868305       -2.1913611598629905     -3.1581299910496488
-9.672112661822947      1.8780192242200693      -4.528768600526732
6.431135153586478       0.682412891182958       -4.320290994230167
7.513624404656023       0.8310089990905847      -4.5189555300845194
7.398202907900558       -1.0082131055734622     -3.1274913414026835
-2.7129564155407793     -4.573427969813777      -0.08511707652960515
-3.34955764032042       -3.3530016924490296     -0.4975514712162855
4.2563138705062915      4.259878536032182       0.5072579346626348
-1.1581892637463205     -4.54130635585154       -0.18413952320390303
-2.836592513264032      -2.5433588227136026     -0.7644498021935998
4.897946429532612       3.45317398621471        0.9024383780024855
-10.987979337803809     4.4492053479486176      0.3399347905487572
-12.032748847633204     4.3505133291270095      0.40364043059275756
-0.49201146786832906    -3.7303729220456217     -0.7812322946819363
13.75665051639109       -4.554960391059303      -0.3088899198821684
2.8420688522316593      4.217217556370845       0.31994885086309804
-4.741768658899301      -3.4147203959272887     -0.7130244532207485
12.272061986933117      -4.777186896658597      -0.4543450387875203
2.274312773921345       3.524653714512153       0.7899905006272322
-5.210484282315922      -2.4421630384200563     -1.1432500681019238
10.608142622032709      -3.8788038301147414     -1.1357362182842774
11.61828052350491       -3.9479351305409938     -1.2833625487021978
0.09621461311507823     4.304552352114395       0.17742933179421694
-3.440642223544286      -4.293584497504281      3.188457349254915
-4.237482043863579      -3.130511354902562      2.6923216422241723
3.6179255993214636      4.620195272092471       3.8145716485395846
-2.01623481893743       -4.253208203586584      3.1692859387354955
-3.497206766173876      -2.238002943666355      2.4323877136339958
3.8261727558407377      3.7815683176546435      4.275326771824122
-11.182239768394059     4.899841022719527       3.6604080502685297
-12.840700908094943     4.751283365059944       3.809941101401661
-1.395081952455194      -3.202902030620879      2.5029621125438326
12.97412235330807       -4.2259308617659475     3.2633969188435143
2.137869474078276       4.669531273968627       3.9501105974173276
-5.641782716536628      -3.0940052257692456     2.669772107325501
11.524305769226794      -4.169755286336426      3.255035633431956
1.670652150933241       3.826270224154734       4.504289378974824
-6.261439175202594      -2.325180838059133      2.1692437515402316
9.391766022135053       -3.3027012263135718     2.524099349309083
10.880445746460964      -3.294484436749543      2.7661633676362642
-0.6842620782689984     4.751199832116349       3.8569474065974854
-4.402131489851005      -3.840711025063987      6.639261074196841
-5.117779815586475      -2.7759058390531965     6.185016649158373
2.6419967193198173      4.93401763864397        7.298963103680857
-2.880864555693938      -3.826272707285783      6.500063064365142
-4.401035554623798      -2.1150892042352623     5.420528670049654
3.301566519857935       4.215962565013468       7.578039138827094
-12.742905160614399     5.135462911615305       7.096815210316025
-13.78427710049372      5.1358477874635255      7.2988386517926624
-2.2776768036609663     -3.048003539076397      5.746826373542379
12.073740837449593      -3.8976073661413277     6.581208735821049
1.1753123268660046      4.996011217831023       7.303590636729689
-6.525086623205844      -2.7629321796928967     6.144897048010496
10.577561510584655      -3.8807292561715525     6.557106126958098
0.8476415776160596      4.003175428693683       7.336928568967554
-7.231457321920079      -2.113549943437716      5.746583884558625
9.04275823513891        -2.943410452019025      5.986448300052661
10.134671917338755      -2.967710466138998      5.806180189898496
-1.731133425382808      5.297634387608214       7.310849048937341
-0.6182617325472266     -5.600671126322069      -7.266704623715794
-1.457539143432878      -4.516969324459435      -7.902380390552672
6.311461020329094       3.2392880406299436      -6.670651363057899
0.8137771433152079      -5.4867487698875514     -7.293367523207313
-0.8702860965207455     -3.6595119789068025     -8.143304269872093
6.9190833670976515      2.3388918502165827      -6.408265838470158
-8.69688537372465       3.6246026317673676      -6.677962214400431
-10.07193914527377      3.5402230154258736      -6.554096778542621
1.3229972287231946      -4.575365543945707      -8.057711812469083
15.779988370254303      -5.5961721213900955     -7.14232925338517
4.904027460391575       3.131227889009257       -6.5015896566658675
-2.7789889478513983     -4.534770361698092      -7.744415375840432
14.31417756640472       -5.600311216411914      -7.175609784692613
4.24446874533766        2.3267285683495555      -6.39209372595546
-3.4091029418224137     -3.6790949887708275     -7.961133971598044
12.027634483348075      -4.6069710695869786     -7.589268302410921
13.55893235587671       -4.667285480981426      -7.6748191248335065
2.1382394886022875      3.2042181223023762      -6.546448638888345
-1.257933731773922      -5.131120489757475      -3.7765239393368533
-1.9869786497711939     -4.113983481832825      -4.379903740648739
-13.409923961969758     3.731983784033186       -3.15738699844684
0.29464314272754155     -5.08366918674302       -3.7551946342992437
-1.5463129130012614     -3.137122506142151      -4.826817790252356
6.537677740312005       2.8149343429058433      -2.712316670879638
-9.574286594339357      3.8694079300764908      -3.0138034220496657
-10.7174483133902       3.935337291135148       -2.9652201716545377
0.9993184743276574      -4.267631611567356      -4.448479441633103
15.180310144767272      -5.1618380720119035     -3.775491583056731
4.3962963948544065      3.696558441580671       -3.1516999438542355
-3.4412453529344247     -3.996731161877651      -4.226829495372588
13.749239161479299      -5.198811209693276      -3.8715872039838746
3.7539522862435484      2.6548587579752883      -2.8520495539344664
-4.087755644004324      -3.1852326709574994     -4.73842393679858
11.646309901338482      -4.267989738692588      -4.489389564145398
13.057375469091037      -4.338954218010114      -4.546282032252589
1.5536974201052953      3.683058236124481       -3.1300525373373476
-3.001443198724226      1.8323948658165958      6.909013736043428       2.8843141926045206      3.4378494888189723
7.677062556487463       0.15035341352361328     3.5607564079477805      1.4252318294826565      1.566678916999532
1.0139289494601256      -0.09734770626176391    -7.40420896303995       1.3208352202367277      1.4937808330903997
4.634362812041167       0.14468599280949285     4.063429443522344       0.9435134040842991      0.9961970570853994
8.654194337336175       -0.6312131689490023     7.425121693581268       1.2084680342513547      1.3370970065373442
0.42413975119388536     0.08249453493234526     -4.361541077486681      3.187324563612182       3.638722221405089
-4.860015104023766      1.6776477126852776      2.9293162523236878      1.2131610383248044      1.2950149158603144
-11.458530087584762     2.3235913201016745      2.295509050096065       1.3192190065574505      1.4877616050363958
-5.613007289173667      3.972636446107453       3.8796048369667653      1.402048557843702       1.555599839136142
-3.075907479692925      3.701657039161658       -7.1338008782393265     1.209568355863908       1.351224383814527
4.001944901358032       4.189407638941923       -3.509816327533779      1.401564982265456       1.524051894684383
1.1338340222188623      -4.3741091322352466     -8.184655269665786      1.1254991968899433      1.2286016257123822
11.722129097200552      -1.9556250022370334     -6.735009127824711      1.3824776546603383      1.5092652991952604
2.2162412364730235      -1.8228245998070423     -2.725763191700043      1.3331520427620185      1.4789932573533462
11.078138210689861      -3.467726198041096      3.1303077170262568      1.259676822094556       1.32981037269992
4.882058201685166       -1.9765605544121112     5.619864400012587       1.6025444245831921      1.894038570326244
-7.414610601252815      -0.739988088273044      -3.921100937482112      3.1089378865546418      3.6186074913501036
-1.068647621848736      -5.001281266630879      -7.3401128835272385     2.641115013211213       2.893558441673736
-5.5506805524679494     -0.5921711905313227     0.4131756540216247      1.1833550337388574      1.2609941531985136
-4.785126455178833      3.565672061195379       0.6591205545957106      1.4129443684818117      1.5528694069145843
4.666397527410886       -0.7353117177154808     -2.9160635851449896     1.155766699113112       1.271718950097626
3.731836971470463       -4.608420213152742      -4.393563531388854      1.1883715253093134      1.3337780639766084
-4.84823502984191       0.9342784252931738      -4.293675255694714      1.7364769250375587      1.9224269979858652
13.003906303368591      -4.662183081095735      -0.4054301779485867     1.3075299262038427      1.4393868331841235
1.9132093207422407      4.973208547023425       7.333776243862674       1.3889764072989246      1.5044474361934923
-3.054006055236735      0.5922707278513988      6.94663718515768        1.336717819420211       1.4610603678461431
9.6884217278433 -0.8925812302166282     -0.06000158837857678    2.2446933591536387      2.4416819872732534
-6.522487041625473      5.524566772806209       6.606619989795331       1.393318525682015       1.5896509361539322
-5.058143201860704      -2.790089481262666      -0.9945412057204472     1.4749559819762437      1.6664463457657008
-3.579353656704049      0.17378535650712715     -7.850450215188252      1.2598359160872552      1.3682234439894982
-10.993287454472094     5.679680895447678       7.193216217190477       1.1723151116051986      1.3566018091621532
-3.384559205179154      0.668798315262341       -1.1366940071971023     1.2953953074213582      1.4177904221564377
-4.55694249750864       3.653832077155987       -3.368036204188285      1.4085036684949608      1.5326379824973335
-2.114745540263108      -4.5109080412163785     -7.79814715534688       1.2133498793711024      1.319631640961519
-9.460237121078846      0.07648383514262704     3.5994505080488053      1.3366473396035703      1.5122682340988953
6.7800102921622 1.676631828312435       6.656988312175275       3.190556387688974       3.6576996994928903
-1.0074458794984196     1.8432112912114311      2.963915220932015       1.3283258352322018      1.4427955480527674
-15.36558639184773      5.311967740998347       3.7195359514986324      2.811484911982038       3.1602495595101847
6.017304720566308       -3.75616030715242       2.860357843040383       1.3248406468819205      1.4620937987527025
-3.1251047023621052     -3.8590701476253404     -0.0789714013068657     2.445922586352658       2.6930794057327514
0.4631204131488263      -2.45010651660694       5.95301256893066        1.0484357283597747      1.1426528375356926
-3.5423676488137934     4.095796840819611       -3.8560660572320815     2.5767054457104677      2.9407471231453437
5.367240453975932       0.4263294062621731      3.9092991710825418      1.1388400289474705      1.2891844761390254
4.6944791425336865      -3.216650492499792      -1.3059572757931623     1.2544688926271879      1.3933688513197644
8.795769973603182       -0.1723134314065201     -3.7701811725183934     1.1410271567867014      1.2419888111640787
-4.334408309716594      5.3323715130526885      6.905239040559465       1.300175738662988       1.3781378398320194
4.74173028402725        -4.459391285517668      -0.805150717984596      2.9696053909942934      3.4014161321066028
-4.350542202817988      0.09831044204146504     3.961910205772624       1.2901192249931484      1.524334044742437
4.191239140153276       -0.7522624429367877     -7.185973744986198      1.3053590407595352      1.417505943640107
-6.094753508837415      -0.9282086236219339     0.5722537969301864      1.113411545729767       1.2168740515988044
4.550246316451459       3.6923011809378155      -6.863164261152408      1.4694617816777176      1.6127925681022734
-8.749615441318708      5.446552445749554       6.54596023184838        1.4062594086153695      1.5511432236931761
3.0925143489811004      -4.253263618913833      -4.475208746878614      1.1206043904234424      1.2095721167034008
-0.8201573790516251     -0.15909044397278202    -3.934231878620479      1.2352818553263427      1.342216084300447
3.5046927583507115      0.28006518237127864     7.239837668355937       1.042509015105629       1.1091393638250435
6.290350005733687       1.3004087736327279      -0.6776573226961914     1.4588744864324483      1.558099372690242
4.963623075225928       -3.402240940423521      2.4008025537720843      3.482815988079249       3.7880191333963147
-14.613074229588516     4.784139350152092       0.1965203843285431      1.2734990495252139      1.4247134062425684
3.2746352338752263      -0.12813266315261426    0.14205772639708542     1.2056702953334135      1.274984325448715
6.366132347162262       1.604846607751711       -1.1740140930784135     1.0647686961338838      1.1651986966807446
-6.206502794832644      1.460479855968573       -0.9193209726634645     1.1523814786162012      1.2649308348489772
2.3001747031191457      -4.055238524321636      -0.7180712746838908     1.2145588640052947      1.2852996045277556
6.59205944508375        -4.382411675947884      -0.8607044418496357     3.0636329692815374      3.3694853792040247
15.030018942109772      -5.60549044403713       -7.16154993754599       1.2565603505040879      1.3703610611104413
-8.659012393748192      4.4947250910635335      7.285687221587044       1.2112674176374503      1.331957690867201
-0.3042053744600482     4.304423984954005       0.09803780299769219     1.1526738371077363      1.2477723200569961
1.1273355133927483      0.7749441327315019      3.4114170912512973      1.2432972742091004      1.3568147388748815
13.279380079822296      -3.6733627181076445     2.9440382298700167      1.3107049577438905      1.4834518624790622
2.4603424858345786      3.7299241866467168      0.6103082420492262      1.2724176309300042      1.4220591604902306
2.564205675061498       1.2971964975710641      -4.582846894521222      1.444827813618091       1.6596286512293765
5.465756465296086       1.094198795836342       6.624215945413754       1.3579918831109519      1.4832368468085535
-8.380251134046112      1.8448630005035553      6.790667514774763       1.2568882984797125      1.4035772189274691
10.688687464697484      -1.218860872426068      -6.6544165268907145     3.206553197814712       3.5544673785000764
-0.4697859807724628     -5.0954531215037004     -3.7806015562107063     1.3740951566415565      1.4986817084532091
7.047148960693861       -4.33248244325652       3.1121023829697543      1.2490679211320568      1.3624184835012492
9.165985213355683       -5.252855484455467      -3.7624280975537836     1.2772537650800395      1.3843203097882317
-3.1449005173328475     2.953591937535424       6.133218455922117       1.4345381575747504      1.6070944004150085
3.8890157347891163      1.3775165713488557      -0.9118973857462385     1.2571125409792643      1.368368410610507
1.70190894956866        -3.9324906375039825     -1.0450401184768698     0.9381322197238682      0.984024082234661
5.412908089891507       -1.4269602407224835     -7.013493158892049      1.283972443074144       1.3526917251548587
3.801188014934385       4.056529111904148       4.102945394681104       1.2327209634557557      1.3822359907961912
-8.65865670450411       0.7450703235613463      -7.98381252104133       1.2878820548476908      1.4249227525788648
13.28673691049905       -4.772988419533866      -4.5117108912675645     1.2900356816563117      1.412704365774829
10.980370213688234      -4.3116550814935986     -4.313573903978841      1.0761487388075883      1.1560630056726584
2.2514440637265483      1.687488220592713       2.900421408447732       1.4949826484383348      1.637533734137875
5.793459417543588       -0.3934523761142985     0.4467071365087641      1.2580252241461178      1.3591286672601668
3.490337411311361       -4.794419798474232      -0.30216811036994745    1.3907188505720338      1.5199902807420955
5.226981369209506       -0.24215208882530784    4.202457327765672       1.1377916765795002      1.2456428132109596
4.255956265118499       1.9084159527507143      6.361524567558009       1.3879822421128034      1.4725186370733994
-4.302335468362572      0.9916657153473721      -4.560451670788283      0.942884092721853       1.00185810999801
-4.678775088977364      -2.3120011316415416     5.742915596185896       1.6236174492681426      1.838601956714578
-6.081399886134246      2.0740106293279355      6.413350813749052       1.1031425787902673      1.1661990378716383
-8.109156987980942      3.5875228665577774      -6.720920956197372      0.9817327636219088      1.045278376631214
-0.5656627471037707     4.863522478340338       3.558597853370464       1.4923458880362295      1.639911514487196
1.9058924172334122      0.29025726304146654     7.076805922264398       1.1657928652946985      1.239411623401956
-13.065644857059821     4.9078514138027955      3.4122099908609163      1.429049683488753       1.5080967604365951
8.92284717795092        -4.313576303049974      -1.1047535288922468     1.3339591025195108      1.5735403898589029
1.0260267606866853      0.9279496724969151      -0.5036584999149055     1.357092642218628       1.4749623645654821
-5.362995410633315      -0.7317391168086026     -7.2262734503318        1.3601737307100572      1.484179769620249
-9.297412743296508      4.766313208245559       0.3866524184995823      1.2410633839866834      1.4323324797115267
-0.7986015178840359     3.58063959101109        -6.845516319352387      1.354285121681817       1.5073347061540268
8.277135631461213       -1.759318177952592      -6.922275325430337      1.4621685513437839      1.6399814601160787
-3.7817399031979573     -2.5446680868379503     2.5117357656151817      1.5104898656791352      1.7617562491175935
-6.521538483964407      1.5593591513588545      2.5914752961114322      1.056828303458848       1.1378067631461946
-7.19286304048583       -0.155784738780911      3.800242373357332       1.313455915943588       1.3948119010197955
8.711673955248703       0.5898172266968092      -0.8976327941760678     2.9446595354415064      3.3510331854642166
10.341256626134697      -4.034544624501281      -4.382707760829643      1.1140646453310483      1.2184459956827407
1.1884908496655455      -5.012690435903031      -8.028488479013983      1.2119867317315773      1.3924922434432268
-2.4778470306405422     -2.860911783823351      5.6090119700849534      1.2359808182227812      1.3574279676476944
4.712729563307987       -1.4055675314336253     -2.8182190096507647     1.034729906702349       1.123031785194858
2.308313681089378       0.43102829889229183     4.105184477230111       1.4000327734900215      1.531272784396327
-4.385112023321174      -0.5756226432154331     3.9638566601928606      1.1569306922775944      1.2660429797548463
-2.065955561987787      2.4186209080146774      2.70174578672152        1.403303214948404       1.5682539082104026
1.6470282201169768      3.176989760888013       -6.601982100097038      1.0110371897532164      1.0934338590092678
5.9922396724937945      -3.4545380561431496     -4.463350132356031      1.2300439104865413      1.3547241577136009
-0.9277425758899257     -3.2824063052322168     2.5341871887085294      1.248791566177502       1.3239298190825992
3.961140050377818       -2.419873913898409      2.446756834452168       1.424849720240773       1.6434878273578315
-8.586415875138531      3.9583087343565726      -3.0379012337595253     1.2230699515114951      1.3226017387933493
-10.463246540491259     1.7074316333350033      2.562047943296521       1.314523958459723       1.4270732583028691
-4.180617799263619      3.193530711061931       -7.107980163758822      2.1217045346385888      2.3074138763240057
-3.7001567461530533     -4.5372118485005615     -3.709611519315719      2.8026296475179606      3.2540486771425168
-0.8554357725249899     -0.11234089123560727    0.11970846462769102     3.2211993042955176      3.5027760874116978
13.22252342770486       -4.099095554405438      -4.69866138258802       1.1350647338771278      1.2442449558442654
0.8443146794257571      -4.041679314692878      -4.610190728569594      1.171513055567458       1.2911377165674889
1.7235158707624096      4.1416096282360915      -3.1738000089211487     1.3042193006277534      1.5178095504061249
12.38582379797471       -3.311273717662938      6.417286137712375       1.292270723188032       1.4508363029512774
2.0179881965514137      -1.921461653395064      -6.714458863861147      1.2937479038631805      1.406503159665647
7.493316003966379       0.3292333549870941      -0.37731658656780587    1.2712835264626805      1.380461752378725
6.4283343053511155      -4.034044786229867      -8.382247191445698      1.2501182183750803      1.3734183331679775
2.11321718185912        0.470569437615933       -0.3177426600962105     1.2200286356625059      1.3369864118897248
1.3374841112399132      0.40016012696034803     6.780549976705892       1.2810360029289556      1.357320800148517
-3.3739918852612436     5.193280693394086       3.748425507050552       1.2479041167620377      1.3631037639133263
-7.17138226543867       1.1840020497264296      2.963756566586791       1.1021587071056866      1.257475518758723
4.121553766239615       0.32378964388118386     7.004458930140654       1.5709870147759306      1.7270467702323744
-4.991605153245698      0.5980884086922026      -4.503742725104994      1.1426092158074532      1.3139848297688232
7.638384200380329       -0.5707418519221222     -3.1285702629398195     1.34855032014855        1.5698846879762227
-1.6788365466203277     -3.4932392488492394     -4.668653706651661      1.475659246413273       1.7213875203829831
-1.4854061207325895     5.716766603380802       7.269169935056389       1.357727718760349       1.556461812760953
-7.840336771757783      5.264379225957552       7.036142839552754       3.628157560358784       3.960068602356906
1.387191643222896       -4.328948631007447      -4.407125597675865      1.2197999753666642      1.3078852673603745
-2.516846364205142      0.7227089739070292      -4.4499939187676425     1.2134315273304643      1.2875023809623234
10.320441894633491      -4.704763346881862      -4.329529520203598      1.191356099031997       1.388165394405459
6.262060337220859       3.1580372627427353      -2.878156824444061      1.5525135102691763      1.7237374602346454
5.991935728020571       0.4087589518849903      -7.59599284244674       1.0724000154647633      1.1490152860758178
-1.207665375445656      -1.2025679629490795     -6.61324302359897       1.244892414023673       1.4250478946708338
3.07235104318797        0.9051892148418222      -8.246265828056089      1.5600772211942777      1.7736169743040173
2.297463217494753       -4.365268058362354      -1.056410253858289      1.172881621674627       1.293081429933269
-4.299157144647164      -0.8916622017549846     -3.639703456147143      1.1656020031704308      1.2336171850089481
6.113411600135781       -3.745903346557366      6.39409635645935        1.2896010411427474      1.4000825243512907
13.806821640932128      -5.106901273461544      -7.711851113924865      1.3542624820834575      1.476359098332283
4.126347423156896       -4.582235418321174      -7.5781931354717615     1.5554612493989934      1.6524253214829192
-9.484994123312225      0.9551377029483732      2.744837047620257       3.1417800659313464      3.5007761770600463
8.786149315742648       -3.3155745844593274     2.4685457394348704      1.0468368668299997      1.1246003733870797
9.747326824165723       -1.0645428499641978     4.170844575483243       1.4794908577300636      1.66630181388312
4.651461352967272       3.726596231264381       0.7729576435932596      1.3759003600534314      1.5183809485335442
-8.421275028901386      0.5060172952862994      7.487992222203778       1.1186807531293317      1.230626553740957
-5.570772100648231      4.097672517199204       -3.8208925087924515     2.441999749528584       2.715808504703377
4.005039885337677       3.045264109125791       -2.9579429631381973     1.6176621806289635      1.9268061950962092
-0.5911449724135134     3.830946435228333       -3.2670142070824606     1.1636684331120455      1.231538460496302
-5.641863194723036      3.080058844115295       -3.047970372416071      1.344893556403736       1.525456315227491
10.53349251859386       -3.3732008828301        2.78941453063225        1.1931455016560484      1.2698150800798085
-1.2146472777294055     -0.23552307310098322    -7.91256089278875       1.1943292316760918      1.3359540677838602
13.801361197668902      -4.859365235002707      -7.3116140312523665     1.4168107512302353      1.493920021343961
7.720059280367082       -1.8923463897744546     -6.552620291541482      0.9588499658614683      1.025157185300675
4.11022679557738        -4.14957632040496       -8.092655880510572      1.1501120375993263      1.2570167551330091
-4.364298039827914      5.627530175749212       7.257937873172683       1.2337795871927606      1.3734112302987165
-10.62484058283876      1.4673564447615066      6.14500386709123        2.788484136254924       3.0654914470607717
7.034615686053538       0.7470711258844599      -4.444092736485554      1.0650213057937905      1.139906542308836
-3.126177407497655      0.6786608407035681      3.3913706065841303      1.370952892599982       1.4886919488699268
-10.235701158120175     3.3146957508752672      -6.392965014271562      1.1149923394543457      1.222380842099566
1.404973530289949       2.4251823784290445      5.993155965260606       1.1329526705294772      1.2392963590627435
-1.1532214828667458     -0.4504934709342821     3.5079236671965432      2.291151987718535       2.466300022030403
-6.62450231319181       0.9696574363005259      -7.983747206819021      1.3626894015140139      1.567491627796767
2.816040024501826       1.7855310762839391      2.5203300484843054      0.9536073729509551      1.0263009553674056
2.2970083340510525      3.6591456240944895      -6.5493518494879215     1.2438913193697152      1.4459454165042187
2.767105673126966       -2.0248211514237533     5.660266340164225       1.3637591205192618      1.5275621920198927
-12.17523921018081      4.468728968081547       0.0846301500070171      1.4227549757157452      1.507118876343584
-0.7765234337888085     3.378506778449333       -7.270379377153053      1.4526445493168527      1.5524467412306888
-5.581412379705104      1.2088541750699935      -0.8367878589878108     1.1352992825937134      1.217800768554383
-2.4786977885160426     -3.147894205259747      6.1599332999600875      1.3131275509184892      1.4275666595214427
-6.611772768761311      -1.4207822768808522     -7.273515955545053      3.084977697056953       3.572186683059281
5.303638681616211       -1.0241836769168322     -2.9201451984370985     0.8985926508010704      0.9607287104831478
3.5209421900832782      -0.19447615306024116    -3.6072959080035014     1.393950991291439       1.5241125717237407
-3.3732180576205693     1.0211017847605433      -0.8066533677219985     1.343853256631872       1.4246993259249112
8.247740557266855       -0.1246733436982278     -7.10765127655322       1.3282575335002145      1.3997144741064387
-1.5725715815238202     5.061512522147571       7.46760787066611        1.2325499026392908      1.3621839788247438
1.796624273729637       -4.541606809236628      -8.053216876939128      1.0063514867916892      1.0864921593026446
-12.973232788504502     4.4935152149729864      3.958896884448171       1.1428527994473305      1.2471810910001206
-4.1403981942794        0.39608468894452664     -8.080590415983945      1.1734499580517748      1.2894092360933431
1.8123052582719712      5.37828134472519        3.8076069044926193      3.0561240596785293      3.3443941461106332
-9.48107070071303       1.3301407054388041      -0.8596971513604381     1.355696662022691       1.478331980819314
-4.174502196903803      3.529162039543867       -6.693996060754432      3.1358266967799255      3.4429066351812816
5.418607096587741       1.2557703039223338      2.6017867615816783      1.2493094459176701      1.3719211687184918
-10.676272133923058     1.7402736968553438      6.625908649922375       2.418672705725974       2.645398368734019
-5.35641958914966       0.3842007281623969      7.120440011539477       1.3229366517872658      1.4800407441619206
-10.850810605400632     4.046049078628113       -3.349675014499137      1.3006869193861512      1.3788251849520792
0.41312815790465407     -2.8266835379681794     6.391841683375433       1.4250893162555929      1.5186335401161113
-6.5516157634067245     4.479648230025525       7.271233986248908       1.2534735087011146      1.375295054504034
10.244358140806844      -3.397532839909774      5.8434085307513 1.1603661381908776      1.292418625973667
-6.198789904145211      0.7841563857533924      -0.8262995066322967     1.2096473744745557      1.4249428973208997
-5.007044399138494      -0.25092934991773114    3.881393084355219       1.0821247886474934      1.1550839302960159
-0.9709236199468358     0.6504855787195054      6.878506484107354       1.3228269105519956      1.4790439515719904
10.29817484841555       -2.744323452026861      5.638693250143212       1.059311940627233       1.1595532033394715
1.185720844829297       -1.2323442259190598     -6.699560270892131      2.9890506113383877      3.3080641208491284
2.262033562073935       3.3327680248054263      -6.838046118107549      1.6602745243879469      1.845881573555707
-6.668100201255813      -1.136878004491132      -6.770008746333281      3.2426036354267924      3.741768306166611
-1.187891982168923      4.153272921920367       -3.1937560438373627     1.2361452267222612      1.3360981709827522
-0.04036965472268675    -0.7797144031071265     -7.2939887686392835     1.3587366679674997      1.4843977335605907
12.679607057555867      -4.394804347032912      -4.50677850800165       1.1913970375411695      1.260904523875749
1.3269380845406826      0.6263861923681212      7.192885701861578       1.235265272129316       1.3538493447039737
-10.573186065895502     4.754411924726275       3.738045933058537       1.0912819699556173      1.1561796660563197
-4.101693220585844      -1.1249517579575434     -6.489437280132838      1.3035644150149768      1.4248586800344665
-16.332800238833457     5.665258238522362       7.159057742707293       2.5570578905846726      2.905840735658711
11.454771251010044      -4.646866488991632      -7.702168535858379      1.025792398754377       1.103412784789997
1.7408162034772705      3.4631435319659896      -2.991088347225577      1.1341069040324943      1.2390116803578306
8.684761186817465       -1.353413773690455      0.547136029236173       1.2703107093538055      1.4252419868387904
-7.085357374391081      1.2868257872460251      2.4815536560026694      1.7537497980239796      2.0146887546467696
2.410674542876622       -0.22856165226120806    4.368566558019293       1.1582373357474804      1.273263451166187
-1.0904045449262054     -3.9412112559170076     -8.077158144481135      1.3364463884555264      1.5240948867513473
5.912222219658527       -1.5384688176463153     -6.624874774921383      1.2145284023487646      1.2891601746643426
0.019983501685767874    2.445669610381451       2.555880157844096       1.6118620462851576      1.8860372995771382
-7.44398483840365       3.9370293162525205      -6.688907212842547      1.295256431709969       1.5165738569400518
-9.950812159512244      4.436771583303961       3.9494657435054488      1.0792245876942073      1.1830552041934401
3.39543791958658        1.6286372988054143      -1.171024991131431      1.2216096927837155      1.3534409977771744
0.8979698969427466      5.619041492412811       7.195890283687137       2.8657654013616316      3.1428425127926576
-9.70276839578034       3.6105947654563266      -6.6007744917229045     1.1553102860198283      1.2297271284804405
1.4915127501365237      -3.7813819243826847     2.513073810216099       1.2420209707435383      1.3429902393775472
-2.5766479088067915     4.560783323006326       0.2494850479542277      1.2755596817214199      1.416373680766931
-13.943303588692984     5.238279948316082       6.945627214518385       1.3861607011275345      1.4722474362823132
10.68053087994599       -1.4271389088997068     0.5868286666950056      1.5507093303787483      1.7512676142102326
-11.039639025644851     5.432188140559426       6.761884588238137       1.1923356908836802      1.3104855597057758
-8.308068981047859      0.15912525347296086     7.2912075612436436      1.5684780773037765      1.668728911416997
-2.8850477056427635     -4.971978254964596      -7.209767472982735      3.39062803623421        3.8653145555467585
-7.502053115091852      3.262491514811959       -6.597193041728327      1.1372809976101077      1.2478594429293732
10.820802353002051      -4.389389852841115      -7.90111567683044       1.1435766409188723      1.249743643217021
1.0484817769259018      1.973314860192496       -1.1330969526149268     1.447102581960162       1.6763833461353854
-8.39766102950404       -0.2059180523330333     7.679117279305029       1.039345721535075       1.1266821245553824
2.0633467342399796      0.09977181585965418     -7.851707087008596      3.7416019764129143      4.136692264207749
0.26330658379475635     4.742812244301489       0.16676335082591118     1.176906226328714       1.3523434352454962
-3.4166601418692895     1.2910876424852937      -1.420947182517651      1.1052221573226402      1.213752198692363
-4.394365656028479      -0.11224786241229916    3.5409202757652714      1.4303809379525112      1.611456222876082
4.237984189241655       1.6131655907886882      5.98761916164548        1.3334684293561196      1.473037113977576
5.052701453419279       4.000659467257465       -2.9986909103682695     3.6729589378023944      4.023428141455497
9.924806945979917       -1.8733153621100005     -3.2620768257560067     1.4763161490923473      1.7062499165722635
2.392417427767306       -0.8234907518565011     -3.4595337055596804     1.2981973603061059      1.4677146882608725
-2.8086417163155657     4.865891150634853       3.762596995368434       1.181810921431028       1.268416158179635
-1.8147041858760562     -1.6174384140816023     -6.621034746980941      1.1452233312046256      1.232982109230907
-4.7582892626263575     -3.2496666512448256     6.5063565624798105      1.3781939588913794      1.503077997933059
-4.287487022936441      1.3309644013407098      2.8905402612877715      1.2845567612485802      1.4206871168208732
3.3068671527074236      1.2915270125847633      -0.6325085990703262     1.5378330844614816      1.7086723791743155
-9.370430162924354      4.1126870541694105      0.5932773830590875      1.1456972240344847      1.2649281041037377
7.335940213412045       -3.3839385648107916     5.848525520920497       1.2175449526473305      1.41510280383548
-1.9663753858441215     4.208440126137349       0.1949421948463749      1.154753743231812       1.2330843526284008
8.25112476556715        -0.30393213069173824    -7.542770738974112      1.287637321511123       1.3958125103992371
-7.206742553572326      1.7675167848077191      2.5231666650478597      1.2436358714498588      1.365318264139303
-1.6927500528051047     -4.498147749714069      -3.855002032309165      2.4274961740142547      2.6478368505988197
-0.18708591295558472    -3.817842269777084      -0.734896561191834      1.2939634496490087      1.389511035601458
10.642281145516327      -1.5109559858338617     -7.114644848199808      2.3273099622121545      2.554201723332605
3.3054081499518357      -0.6084382016785004     0.6670451502918241      1.0950200407492603      1.192105332544213
2.32532421901801        2.967019412829879       -6.430357722870401      1.1166729339129122      1.2145859064036852
-1.8733324662382984     1.3152192903065003      3.455164982285402       3.0479348928390593      3.5518564132151087
-1.9776327168865075     -0.7907531548023122     -3.6286875772038005     1.09669880629536        1.2423000630491268
-2.048206801105678      1.0423119506606076      -4.648693269946121      1.1134692607147614      1.2168233595252151
6.363674288389237       -0.003417761310973276   0.42696726209459135     1.3830046351386585      1.628559158098786
1.827223339409533       4.115417611778931       4.298753705100107       1.3731511910612506      1.570044049457444
-13.939094844167554     5.559784961713814       7.255311776687011       1.2821493832148942      1.4163098094125355
-0.18673960277906393    -2.7122171277903986     6.131221165806831       1.0287253899750515      1.0849640872220592
-0.6230265418907446     -3.4608064817541613     -0.9151006159908999     1.1421368172353892      1.262566059900548
-6.140693097797528      1.0862534847364558      -0.4576685123605245     1.4498564723659644      1.622088492060802
-5.664299088247514      -3.1199161123924233     6.034297834997654       3.6177920930230356      3.964021342163161
7.6255528257598435      -0.877879780161604      -3.5228479979261986     1.4212655483922636      1.5626118839281713
10.695192656755662      -2.5768597525078376     -6.395953922944869      1.3758833491647666      1.580813897664182
10.801657991361811      -4.867219580312118      -7.486517877600199      1.2988264082795138      1.4771500532673651
-3.917268803695924      -0.5179611089956467     0.42455818130764295     1.0164939133783841      1.0960521574003967
-1.8378400706700746     0.21292532982369597     -7.87063785969588       1.0275251742827365      1.0848016956095912
-2.5567831902896354     3.892264522886577       0.40571007714863416     1.0990531621171724      1.2020242836000565
-1.9329580388431666     -3.0279537508576975     5.812684030460674       1.2414444861866634      1.3699483570480153
-9.865577565234666      4.383263608237358       0.3486603235155654      1.2241111880941709      1.3167498590215017
-13.096567028426545     5.175656739157892       3.7928615189581016      1.3704863450719258      1.491301948973053
-0.7863877019702872     2.859857819140663       -6.824655275147272      1.1556388820447894      1.2547138276503065
3.571296993880977       -4.457950525510176      -7.916211027692505      1.234589988920632       1.3163128923015919
-8.330316583979757      0.5959889619600116      3.3552170576832006      1.3111387157522476      1.4271188373507377
-1.183990957079837      -0.2518832164128137     4.000761181247998       2.968237390074554       3.1852716117751996
-4.507233944501749      5.003222222698814       7.38911262877916        1.0481007223913241      1.1521884460030811
9.71915007132513        -0.5541283407138335     0.34572293983793        3.3318157265377963      3.675906971237742
-9.928449639010907      5.1278609727417885      3.807350837544418       1.1828636167156168      1.3866843357042649
0.0972120648775636      -5.5430052846942015     -7.285679137063651      1.2005515954872295      1.315475149387841
-0.2649121758419349     3.1729064499796262      -6.9303828740103715     1.2664358901119996      1.345054199014827
-8.020711001485308      3.703114714182911       -2.8520421065534256     1.2063613352160083      1.325604730930176
11.776673310480914      -3.6935793857803567     -1.429025733252835      1.0539087005287604      1.1536810968658964
0.7999031112513049      -4.360914203752935      -4.061758007268981      1.4114177000341914      1.551086484188372
7.07249835638673        -0.9482784243359565     -3.1817602131877116     1.2537588964378152      1.355955817048103
7.5667770384528925      0.2084330510511899      7.311303004967108       3.354988068207129       3.627850549073437
4.739828269198066       0.6390729061772256      -3.677342441516005      1.4245439730833074      1.6106111767366942
-2.6693513134041655     -1.045526452310898      -3.4196248904544277     1.0248347226062542      1.0936417585659417
-5.90009392077985       0.21755438947202427     7.432656936742675       1.2723229054791114      1.3906504217069555
0.25581215788123735     4.108688705238142       0.3481211334226992      1.1357362430236928      1.2488733252010407
7.696875621146535       0.3985903832315188      -4.466405479338804      1.3120588224696703      1.4483533363463372
-2.0486695165990443     5.3371763980925735      7.245877948622301       1.2399507889976642      1.3487917795023805
-6.908384700851209      4.603910359804  0.0075654100290566345   1.3490761559982918      1.4798509920172942
4.149286571569279       -4.86316643761708       -7.95196434024699       1.3747873737419605      1.5300598902714693
-5.24429178211855       2.7723637852334813      -6.607628679031968      1.2771411397715968      1.4425884380543756
-2.159891078120125      0.24072114756414598     -0.4187055871573676     1.3124857065622284      1.4193155557730908
9.473812546375415       -3.852416285316641      -1.09103948280834       1.2237520988728758      1.3291589746486818
-1.532030854718417      -3.3404187662718177     2.832070566240035       1.712418923796892       1.9058658113043498
-9.96100033584802       4.808335264973282       3.4874237341287855      1.4521270236564556      1.6098954960331544
-4.146573767020788      -0.2710178825044853     -7.904376890189142      1.3789134365735907      1.6115199373042497
5.420651688934999       1.5789156159263504      2.9694990357397546      1.2972653535351284      1.3766353216764864
0.31550802933522953     4.404820783036279       -0.19349859912113063    1.2473193028336906      1.3624881154503181
2.8750962326917207      4.665794164977082       3.8550384042527885      1.4314483230009487      1.5481822833393455
2.1290661973234597      1.9431436655077456      2.433675333203343       1.0955682145895838      1.193032114435208
-4.873782751173108      -0.7526493952622136     -3.9160058268521762     1.2612463047431957      1.3320186710392905
-3.5559339457834307     4.381024614554259       -3.337378053516462      2.7252366032139874      3.081307001445279
-4.092482132437519      -1.4304588657791713     -6.842679453281504      1.327967972805299       1.4029119075058922
10.869552645201448      -5.028597525886704      -7.926892656092513      1.334740661930734       1.5783350870898778
-1.2438895394310439     0.10258233343117228     -7.610308719373217      1.427531886381187       1.5275286852905439
-3.3157889249234156     4.895386393854321       3.384888234690164       1.3177846667528594      1.3946049819985633
-6.103605968799269      -0.5134673644974435     0.043127522259144256    1.3761616128226923      1.4540454843338269
9.49119415014167        -0.8615393344030381     -7.09227376500408       1.2620526150698677      1.368915951079315
6.357738367169777       0.9413882443734498      -0.9280717045107633     1.1477737036641324      1.2748892867587143
8.1714527986594 -3.4428506200709483     2.7371218488766895      1.4323729012966637      1.57448396786778
2.3717906850115655      0.10062352427190493     3.7667130783998295      1.4975849832713783      1.5825875879220053
-3.3277868417139302     -0.41765185762028806    0.07700778123240112     1.3534213872241228      1.4782939990151258
-8.460290831727187      -0.33261077346848794    -0.03093548514681827    1.1706246445088289      1.2998719378226251
3.6363259474449183      -4.2613934152852835     -4.1078592717596365     1.470198348756117       1.5814783645709847
-11.533876669607901     5.276732336448602       7.145777691703984       1.2303872292883302      1.3434503666505335
6.304526472735026       -0.31499587564473575    0.04114345484985024     1.4564226392752915      1.604070147323369
-10.489061034326273     1.968286836369418       -1.160653933350047      1.4483505329639137      1.6472827753016739
-1.595724515993576      -3.6610116395178802     2.516710340661398       1.3371983591091448      1.5763667421551975
4.754930689778077       -0.975472891600911      -3.2698802222603156     1.2793445063994653      1.3590460980902126
15.624908676157231      -4.820228596238437      -4.194619429685743      3.2466326172789364      3.759485321847861
-1.0676750466058407     1.8767650732181695      -1.1913564523175808     1.13886239304274        1.256605632843764
-10.869174478311606     4.358298220019939       -3.010247556148715      1.238172111721514       1.3682582423931602
10.980409796895861      -1.238585972131719      -3.4692676902269963     1.284141528987283       1.3994393322737648
1.08221008114949        3.6728305812018816      -3.1635218298555685     1.0309726380050237      1.1090407843604775
-1.9743175931814623     0.35146292434823534     -4.516462749303013      1.2304332830314182      1.3481229380259234
5.404592713411294       0.29601671258395806     -7.387200037991843      1.8244144101191129      2.040201414518376
13.216512476057991      -4.744744723873057      -7.612010630731764      1.2154576079364785      1.290755342985194
5.09270610680005        3.683317005370935       -3.4002779240281185     2.289258441679649       2.489429596892283
4.997339350695596       -3.1551573254379566     2.8480170897938386      2.486168213863688       2.6850669457323826
-5.366251594122737      -0.02615497206957565    7.602181369423542       1.19917320793677        1.3279555869730761
4.837489879316324       -5.170811313023599      -3.795184131895 1.3564942397624642      1.4883603915798385
-2.060701451842978      -1.3403831151336858     -3.19309722198972       1.1388572852396917      1.245793428186999
-12.54535353995426      3.7654141898665494      -6.964509554545566      1.2947143312087135      1.447099483430212
-16.59894832106966      5.512419829060189       6.6279953008249155      4.165868225396038       4.8060501098059225
4.765134748988335       1.0697114858363765      -4.1677618853786615     1.2006784933545516      1.3235791834904722
8.888743149598927       -3.645735182344133      -1.2143351936120566     1.214587678615656       1.3353883398284727
-3.3062050271840127     -0.049565935510507364   0.38531981107293267     1.215389372393384       1.4007981043825235
-10.995624350451607     5.020668085790516       7.23489239835755        1.157808367559978       1.2835997287773568
-4.334362845801302      2.035247797317215       2.8558233730277642      1.1302253888162732      1.2273977359938544
2.0990921270726974      0.5000310562985985      -7.515241740286824      2.1289798362784214      2.310726223274786
-5.4087088354222015     1.850081211033863       6.60811654646531        1.1769279101041203      1.2450803878926868
-9.400513416244252      2.1867936836841038      2.298257753961486       1.256570476358526       1.403753595576755
4.498499424703482       2.587688017161782       -6.39513375574088       1.3058114790131938      1.4741131958862306
-9.299189847386252      4.415599687499558       0.030029183723451223    1.3188149027465301      1.4360150208599793
0.9186728828382954      4.345610468929467       7.359360585795877       1.3384284594535516      1.5330111171327965
1.4484366850055332      -3.503130909446329      2.8882535867308192      1.2952592866787966      1.3641172560579593
3.2936218302300366      -0.02208769902295785    0.5908295448300328      1.5227443333165755      1.6615042602250594
-11.568927818007104     4.431304590041836       0.3585967831720585      0.9965816524730072      1.0594324595249993
-8.382109491573987      1.890776795267628       -1.088119753395154      1.3644045002664762      1.5419949972253333
6.649135988906283       -3.145772211708325      -1.307429783357771      1.3731994499578513      1.5684271174806226
4.193599028445377       2.3099599596202416      5.817430260078342       1.1366035460868198      1.2444298331643175
-3.281833577927414      -0.6907884314050607     0.5977937595094402      1.1201514317781296      1.223874962521254
-3.0020698640593304     -2.7987554696771526     -0.6703651030030642     1.2453699690056546      1.3986893534167657
7.067884943119544       -4.293775592660617      -4.5254997992468855     3.4098005635649216      3.721247764921095
11.02719715506346       -3.0274657527697717     2.6268726658119106      1.095441660866744       1.1952064257648338
3.0721366091652094      -2.3554620086273754     -6.241794814128109      1.3791318935531025      1.519983891363393
5.321295740418306       0.6621691085315291      -7.746825672811797      1.1284162951854555      1.2282532787649876
-3.98329617430718       1.0622544688361977      -1.1516677185803923     1.1365486700056222      1.197156554680089
4.752793945880712       0.3852502538194205      -4.101490080672934      1.3067491891119853      1.5644883286403626
5.308452393592393       0.7914047856899971      -4.013481265385177      1.2644404157512135      1.366995018308705
4.896532247354609       1.6431847460939064      2.62604494296595        1.256554520681819       1.333903267016819
-4.0619951013498        -1.7814351524797725     -6.296701585436182      1.0960479859179575      1.2026562370630316
-7.986489040232089      4.042922796643319       -3.4113198226124712     1.4183825946633613      1.5376075078006994
2.3474147619696835      -3.7326096809618647     -1.2454182110654786     1.0372450977129823      1.138914008815174
2.72812495996918        -4.1829173693171        3.147354207931814       1.3181811289707759      1.425998702465624
3.0519631902517963      4.427351761184911       7.491638326942106       1.266705182413748       1.3876453291537851
8.513447089668869       -4.035178727155874      -8.35897138891835       1.2852070778107976      1.457358872796613
6.756463442466329       1.4261884739451476      6.1487124809036775      3.055566766577555       3.4936745478116937
8.130387634659009       -3.1049118159975575     2.265026194756534       1.0967500581147012      1.1995836186817397
-1.0912524495390015     3.477170049781276       -3.1105186480009714     1.0955292606690012      1.194602645029581
-3.837869891315842      -3.70694420296564       2.9732150446626986      1.4643836543936883      1.6070381536919527
1.2614448349436191      -1.3622440014561383     -3.467245237417531      2.148319577309589       2.329156900798293
-2.086809343103984      0.30478858596163216     7.3912317552786435      2.865837648656847       3.0999507775795347
4.93997674562464        -3.4102311401930177     5.920459340328456       3.3030516352679875      3.6903144138899013
8.159256385657311       -4.634340327169463      -4.077553291114164      1.3443919699555293      1.486950267752027
1.1554298928521365      -1.1884443293363065     0.4601974254036111      1.3571424244555557      1.4896254186778917
2.9103148614596375      0.08679619911443417     4.16160914410094        1.191569070506174       1.2784253670692474
11.162806009043518      -3.962427367736528      -1.2056493220876292     0.9629730864893399      1.0136622830967517
7.560324951621471       -1.242165556778754      -2.988695723869832      1.2047585293761152      1.3359735775960944
5.377762901858601       3.497796128777205       -6.41564884264874       3.7704173102871583      4.0816396492877836
-2.141486969629751      -0.7753104834174404     -3.163079197858732      1.6361332015777126      1.8984681419289646
10.384488368006293      -4.438074424114245      -3.943857438443538      1.414959885689583       1.5761418198799768
2.0219341804240245      2.1454860916201226      6.200088407327531       0.9687995758180803      1.0383014245351174
1.3760011344246605      -3.131800589129727      2.3392565765144417      1.0883121809114862      1.1906404697831356
-4.94429605421754       1.3220953532726947      -4.630545940139693      1.0886223733567044      1.1860948432477427
-7.511595849720619      3.6615722027130606      -7.050718361510653      1.5136724708561324      1.6707209322356271
-2.706028636289941      -4.027777424612406      -4.248129691083292      1.4205649051086062      1.5333961455645857
6.4990680997099535      -4.9710897898585085     -7.453563186403994      2.9728991815332355      3.372481250492007
0.8403968079686036      -3.48400594141413       2.5388945902530957      1.2150750415965588      1.292754529114307
-5.37130421564549       0.6560054263357116      7.5382680831355495      1.2734312310974534      1.514297884008079
1.314999113362923       1.8307867533412034      6.401433981829957       1.054955862074688       1.2004478301379813
7.5815952360686865      -0.9130360768282048     4.1865183082867485      1.4520946598069648      1.6643525137915613
3.3364207201085163      0.9454031334175996      -0.992585959533105      1.4062577839450836      1.6812334123423835
-13.933708289756142     4.904524024083629       7.467069240802047       1.0648079871779468      1.166476896646718
1.4172214486384482      -0.07282232373734901    7.253187415915507       1.0972161399342588      1.1932905579908089
-11.59265216450938      2.168141393609582       6.096129851858209       1.2492064965699552      1.3566555410697771
0.7683459651760838      -4.702359867990042      -4.415734758618693      1.2366301960739499      1.4390859110424876
3.0152902432228252      -3.1379267278789267     6.415207697085772       3.521668598316058       4.167690660351866
-4.90962612471258       -3.3446000934101376     2.4977012956160776      3.2836199706117113      3.5693400441707857
-7.752059681482066      4.0772467083244255      3.9233821972172453      1.1801305819271617      1.3077380201672257
-4.773636532238333      -1.240756201260451      -3.4634191662225233     1.1226279194159654      1.2233340094756953
1.6877688385141443      3.79150320686942        -3.455696291478454      1.6771818867518697      1.8535406339772074
-10.533135046735287     2.688638420338305       5.8473794437621605      1.3819632680569942      1.5752510840957943
1.2036954701986013      -4.679384037215101      -7.689574578214955      1.3836364252364985      1.5110459847278712
7.592024443976233       -0.11713122686955504    6.895008384923753       2.1771332369193055      2.3517690254602197
-0.9176248293325224     -0.4186388083331349     -0.32897122154363817    2.3430671929491087      2.529639813269075
-12.66227529619563      2.6862521893723637      5.852889630664373       1.3189026011030798      1.4500450702656633
8.420760091233225       -4.9913740732238425     -7.5198718980061425     2.544237099279414       2.798969296368859
2.2598796041891447      0.4039743069382352      -3.826128865747188      2.4687796306332745      2.6909944104104846
3.7028381653380653      -3.9213790978215584     -4.62208566034209       1.0859635430890648      1.1890858965700848
4.16731095819803        0.6434977711470086      7.316910602621125       1.2836767318149624      1.4950951355171542
-0.7406945828739301     -4.145956677025223      -0.8016454389666493     1.218999815294358       1.4132501863281743
-7.2483747162347045     1.7149180446454482      -4.498249346802504      1.3923906633798988      1.602688347801425
9.888243971821714       -0.7281298310005859     -3.8844288824996864     2.5200363866772686      2.7710125915023602
-1.1563886793428457     3.9246317752719375      -3.601605943790647      1.2767225359392769      1.3439142852362853
3.9165718261845357      -0.2269802646963946     0.5360230669992182      0.933549342986797       1.0012842653998222
5.328291123651138       -0.06977642051739463    -7.627935170733986      1.1904244226187535      1.3909756564022049
-3.233695651844081      -4.023992875607885      -0.5983883886062361     3.282621923538321       3.6595895265948775
-0.9071836974651679     -1.2858163934758706     0.5527409893083727      1.3125856071878808      1.4813317434691982
4.690906760620299       -4.102791158948775      -0.33250847564263675    2.791942215074914       3.212078875705181
7.805501330714365       1.0226635464011151      2.65477376843841        3.0223586074527544      3.3856319623482474
7.887890361758419       -2.9489054739351706     5.93311109653835        1.213781892422285       1.3181856952088302
-3.03338450546079       -0.5492164172711206     7.406562829641477       1.4682252067635957      1.700211933715975
-8.311953267369649      2.2459978230977833      6.3049428909828205      1.214382163497017       1.3369105248703643
5.720377861755299       1.3369748385583387      -0.9986029913020886     0.9576323599476622      1.0159414796999515
-6.033946160372466      -2.585466346781204      2.3611880580011655      1.3701994684333973      1.5095591353383464
8.386049000550559       -1.497340700731327      -6.558488761616172      1.1175571070132377      1.3025550970071043
-7.505597797064071      0.26778340334016965     -7.506633257191646      2.4670694053811624      2.6669737879913185
-5.903840565183843      3.9826630953293494      0.05225725441577182     2.250242310445542       2.4320882431447477
-0.9421018501898355     -0.4628467298989393     7.431015253105528       1.4316711759342933      1.5911622843535096
8.589905322357298       -0.33104615366822665    -0.1633741064502696     1.4834762341067764      1.6244252025805137
-13.089647081328835     4.2521560475733535      -3.449305924186447      1.206323194618762       1.3380500873825965
-1.0168705526724033     1.8032107369701815      6.745796499726123       2.339387290825059       2.5796183499036074
-8.14900637651399       0.8418122396863877      -4.475438122665351      3.4289255524402638      3.680765907751498
-7.197158722918469      -0.4785025301662719     4.374204715167111       1.1349919260469492      1.2479806192668714
5.621901159383112       -3.682506432071646      -0.871558596425797      1.3444228981382402      1.461560560544085
-7.985169700812205      4.348916100278815       -3.013891553267665      1.3813403714723054      1.5880250036511676
-8.300554301451648      1.5857569674848657      6.376122322141205       1.2361972194548083      1.4485689830404975
-10.302316891097426     3.9857772671146043      -6.622335794364419      1.3636374688469477      1.4993229232325873
-4.177110967928084      0.05466514987289968     -7.536755241503714      1.4409735407884714      1.5869016329946037
1.445900777940995       0.8213469253518433      -4.440628486589867      1.2461721168189828      1.350544574647172
-3.478750452663353      -1.5077856558118836     -6.528895161563083      1.1557173294325307      1.216824550831952
-1.1261062964574373     4.871299645420751       3.8235339095218865      0.8794768241837964      0.9273469057464622
-4.349793567988533      1.5330935269479244      3.301145238110027       1.408922617111593       1.5038487764808026
-15.40143426361836      5.006841451960933       3.2107939010424276      2.6470338017517023      3.011291558484212
-7.754786563542599      0.1167461165309321      7.507856271542543       0.9888313249599529      1.052737743631461
5.168722663431269       0.0604862894350262      3.7782666764499195      1.7204950512464317      1.8818349711042937
8.050715552709267       -3.5214099636267977     -4.6987985947739865     1.3765510179867098      1.5511692759200444
2.530613968431854       4.745323563759483       -0.04958692583228634    1.3957393927668216      1.5355717652250036
-4.858204687644452      -0.5490644083694007     -3.4915942571533525     1.235580988783994       1.3480940550679759
1.0209487807917823      0.9869902064572638      -8.05799792540432       1.298771094672985       1.440535253496678
5.440129440099628       -1.8887073690453149     -6.516861865365033      1.1400321170704564      1.2401361637599944
-3.1726201304027906     2.666283373823654       -6.464291847698202      1.4844617122261643      1.6558162468314825
7.5027209621991275      -4.558049727733878      -8.07229459426741       1.3299069100859202      1.4403369823338785
5.96092037358219        -4.568914696160511      -4.037080025535687      1.3164532547172825      1.4819388175812391
-12.171068645252307     4.0835940553167625      0.5570722878987943      1.0474884453113524      1.1404620586008616
8.93967802964879        -4.015775586555587      -0.712597589616625      1.4177712066849977      1.571726581396446
4.923413224001047       -3.14058128058695       6.394094055826102       2.644605924917458       2.93121907258962
-1.028945192720553      1.6153074303433193      6.216303943056548       2.6043970175790907      2.8822064915389563
0.9620089257167416      -2.469083784878968      -6.49254339970146       1.4238165512964438      1.6261585262132594
1.5066521321157673      1.894445220374715       5.939269596980135       1.601478520015366       1.8363343836212886
-5.491101107006706      2.38453160518758        6.151948150098438       1.1007438905347522      1.1978782407149668
6.310025764025583       -0.6835071546418781     0.585092397167997       1.2086510333654954      1.3380485777305224
-1.502305661569161      5.372553747921692       6.900102809380065       1.4004184972106866      1.5191930402616063
4.089139213807599       -0.04029371375816238    7.476155529622778       1.1367418732403367      1.2462165883003613
-3.630475854258885      -3.8349762887402554     6.574608145744243       1.3309319697720567      1.44987197863205
-8.221923682918469      1.0897971662016634      -4.001441078209691      2.2900378485887236      2.4643614317638103
8.17057328006983        -3.768475806019978      2.413513867773049       1.2095040673227038      1.4031028186458423
-5.554855662593747      1.774074920485031       6.154577214949836       1.4905118626165312      1.6384238858120148
-1.553119324926121      -2.95561401454776       2.377371552159011       1.177275640119965       1.2881172931362819
12.02235444505208       -1.8038293732722648     -3.1569010258999337     1.455912493252906       1.626377324695478
6.639100907790924       -4.061610646524476      -0.4072061939024492     2.400970473053004       2.6256848687571215
-0.4533796652057093     5.162118822027826       3.858304992006327       1.1178472688841201      1.288984435049796
0.2158833712920743      -1.8265428324258415     -2.8797964100922258     1.5732743817872112      1.8397721054375398
8.180699765173024       0.38326943661601837     -7.547321934380161      1.1168086056500395      1.2164768281171034
-0.7017408273176028     -3.8663077039551195     -0.38857558053962404    1.2894450310038115      1.4173502872130288
14.189492940529428      -3.9830105811512944     -0.19850060437325204    3.030916725722284       3.4692155847161117
7.357829362563798       -2.7323445174471064     5.696244257748664       1.1934954209763338      1.3180733421765145
-7.763125454987298      2.0289060652866575      6.533915673359627       1.2015315295247255      1.3063041316551718
-12.232987261854637     4.764054439534407       0.40720348780501053     1.203036678082263       1.315230754476008
-1.0995400544984584     0.7730298374447943      -0.7160373057064058     1.2735640456438624      1.4460124746766756
3.5277726906473448      4.1904727878966606      0.17063208520222214     2.3519986817735523      2.5625510297799035
11.780345816764353      -4.0654551985757745     -0.8992199347044748     1.254713656335279       1.322354350817604
3.818004255329303       -2.634398244431338      5.890496513025284       1.419931638647057       1.5412869033068006
-10.552724886184743     0.48924802012799634     6.888665543214844       1.3767217549131656      1.575889270211532
5.347925800718718       1.928962127497664       2.380580650528453       1.1210366130381504      1.2275557407106787
0.37984790579925637     1.4118383566168258      -4.772194532108436      1.4342819488368794      1.5822125785990315
-7.2321894278127665     0.5181475479877132      -4.114020655081727      1.3731845505404285      1.514753997798623
-1.762582129302043      -4.794019836179844      -4.3170496180880695     3.1644093902336383      3.47723400484991
-10.50645020232174      0.8211896113070639      -0.3627269821295482     3.1595633654328186      3.6430672849784838
-1.2174032309657221     -1.506350774740226      -7.004354867391062      1.3034498882548875      1.415603599886466
0.02765081621313106     0.15192090092152746     3.6246543576908765      1.4685836437652697      1.669684317972095
-0.028140886813416876   1.4197243621772697      -0.6645688862210083     2.1685563398779997      2.3555811356522858
13.249421031687442      -4.471197574674876      -4.148589585460721      1.3665965540085514      1.444161805089181
-5.194170839217405      3.7898682702079722      -7.169510588159842      1.3234651939075686      1.447706914725548
2.874294970615111       -3.351122961669125      5.875627699817157       2.7467309904331465      3.203513805085379
-0.5607660712560012     4.474211077711595       3.975505260823076       1.0631936446333963      1.1616729136634574
6.537040160473285       -0.5660497929346446     7.459552785706841       1.449147083638125       1.6653555571486969
-6.666169128535987      -0.22312774739835292    4.15194447544735        1.2027647338651741      1.2738376996022989
13.708139159067716      -4.405171890458035      -7.812004883713325      1.1401392077512535      1.2442291047727763
0.93503347497323        0.08839056205031866     0.1678082102095114      3.028660161413068       3.445776683446929
-2.561978061751679      4.284067491242781       -0.1036562028081917     1.3834518990866722      1.468853461951822
-6.14794798231577       -0.254483924490489      0.42518783881288613     1.3074826234630292      1.4307387331141066
5.541905107013944       3.1707014688844266      -6.800613865845409      2.018908165749799       2.1884054181337405
-6.956569055326761      -2.307742670260619      5.877839021450484       1.2962164388877837      1.413018349968793
-6.929490342401814      3.558588563063463       0.7214277346848645      1.4879139318356756      1.7265301284802193
-9.410889880397072      0.46568276510036344     -3.967847294250079      1.4266436206929336      1.6221938993490197
6.704243758088499       2.6513517124492396      -6.490936365901228      1.4127858476429636      1.5679208256852573
3.826818007269229       -3.6515263130930604     2.8508351605988316      1.2703190102436135      1.4339414070911636
-5.527322328057402      4.345882384891829       -3.323120392207128      2.9093160851268234      3.2604754830999605
6.473797582067802       -5.294649912314822      -7.9043406906828135     3.296103741314897       3.6920412274258654
-2.458243071932559      -3.4969114602862814     5.801405801173368       1.2738362388682754      1.4687674261753518
-8.552740004465742      0.9124145953526135      -0.2768796439321495     2.6675559512285876      2.949558112470033
3.708340887845286       2.0223915258264484      6.067417038238373       1.213778392995872       1.2830013933885558
9.936984239820797       -0.5331936918325032     -3.391423522044458      3.161335652310388       3.5098312849104016
-2.0496269374941414     0.04254638829161132     6.909246993889019       2.209761885169398       2.3889645739212826
-3.81876307263047       5.123120139465395       7.342655329576517       0.9326176497420279      0.9770628447781079
0.12258373621814887     1.2067158907071809      6.666083716712139       1.3334548438494096      1.4464958979642635
3.4944350709458325      4.521197109281157       0.5678842482470128      3.503442842217361       3.8448704932278384
1.232664205385314       -0.9774398714513882     -3.0961592583420074     3.2687791929955945      3.5786975486252794
-5.728550124867579      5.26062885813997        3.5927162391036425      2.9829591510649256      3.380097347498562
9.605767501461107       -5.6865532747561796     -7.358322232055342      1.2972990381518796      1.4106906768927863
-2.0584540535881177     0.09183409755001018     3.6020092668874506      1.2445926675086985      1.3673421993300983
-7.640194356133009      5.284314257582135       3.6112511630546944      2.9578859160758917      3.309916003583676
7.655951540577081       1.0802518584009833      -4.662316657748975      1.0764540736371206      1.1730998049931103
8.368910853111988       -2.1822611290593437     -6.545672447373889      1.0870956393447764      1.1883583798786532
-10.892591270894954     3.7054546545916485      -2.811677302070696      1.069041152474497       1.170709392354868
-7.414612926101539      -0.4933204635396981     -3.4018152464639795     3.0374536445736346      3.5384329086774464
-5.770387404895136      -2.67970198650878       6.370486140764418       1.9610038297928176      2.1338497605584155
-1.2098170835223312     -1.8418823381804499     -6.469591280757427      1.1547359729622242      1.2674241944258562
-7.703881594600672      5.0089559081152295      3.1255237179987403      2.439405571535142       2.690729044096346
8.669036408317751       -0.4798366365911676     3.653009496781821       2.173542298355845       2.3587371904163534
16.28075032502003       -5.219734422701158      -7.694251384362487      2.9487632032838236      3.36788064042179
-2.1702939875678515     -1.0808854703812565     4.003430094683733       1.6345643174931563      1.9173690148697695
-7.711829554667965      4.864459215308497       6.664916546193426       2.2933470729828738      2.4789768157311447
7.806974702424384       -4.750567557039652      -0.37460023703230433    1.3027380071698218      1.4082729496203452
5.352136739829198       -1.211365625040148      -6.597405021855987      1.2389454678151415      1.3405775350127531
-7.349896461505408      0.21321007050901836     -0.2186199452546271     1.3606929207578453      1.4792843691620854
-1.1085614423304817     -5.301115221849585      -7.752886856140537      3.6463354868915916      4.064665798184581
-13.313218326440893     5.158371235441857       7.195086587567251       1.0025387196079625      1.059776665466116
-12.480610027541207     4.855759384895485       3.7451998442640546      1.301112850030097       1.3951435398100254
-0.010347419790146162   1.092119296988498       2.9521155554019995      3.0393566204796842      3.377729594258642
-10.264086772031424     3.943081633407515       -3.0028684375522494     1.0689864963049998      1.1251584498854792
-0.009338436964020534   -1.0813082640507579     3.914878843393253       1.4189326506331716      1.577964555217844
10.585960325348738      -0.34008018905830484    -7.432889362821792      1.3194140825123375      1.4816775482467015
-7.463698594809813      0.02061694400666556     -7.980653014291951      3.097715210240471       3.3705329247693006
-0.9622334699732292     2.945218198735445       6.18559101840332        1.5109469293511493      1.771814170606046
0.4793566377761159      0.33843207294549        -3.8618086968413414     3.477981840893691       4.017023107778448
-1.2058485531366758     0.4618618062518412      -8.08875921452971       1.060628665317328       1.1584085779798006
0.9780690524087585      5.401243982351103       6.691979649490719       2.62629918087121        2.863892236951137
0.007755004705540254    1.0881625993413198      -1.0385357564680269     3.7043342578689833      4.073172257534096
6.017811748246499       -2.6644400405229773     2.3206927049396215      1.2182085573704626      1.3687911250273994
-3.8371705896226516     -3.460231099321286      -4.5311469719023405     1.444638658177523       1.5908095789930543
11.777906893184188      -4.3355207471176715     -1.2692724160749027     1.2918947643431151      1.4150184982112795
-8.544795419895516      0.6505009061203643      -0.7598670888821986     3.1440686710588417      3.508575114201358
11.103460694150836      -3.707180375130227      2.72712242015453        1.189117329786057       1.295048020873731
0.4460023518368762      -3.141516187729293      6.0802417105481705      1.129411102440326       1.2508931203820173
2.9302107486598197      -1.3230267486141085     -7.187200359502923      3.1686092534333516      3.5985722235585826
-2.0837532773180905     2.3351604921351754      6.39679752418635        1.4631378797104493      1.5850103391550618
-3.0420354258832374     1.621714456291287       6.351775785736828       2.734421647936022       3.2177550652857687
-10.257948317979295     3.6656091061331977      -6.961184415543563      1.4802442549774488      1.5661098157234592
-4.204306671190451      1.1533576843070703      6.882600407113529       1.4043933609610098      1.5237608233008886
-1.830624252283777      1.0820952907382302      2.9361690778299665      3.2187341168157113      3.7496825517378594
-1.9226010273905363     -4.570142630427591      -0.11720165626778128    1.3484595927903291      1.4698106996666975
-6.115057767857621      -0.05374819584969392    -3.911065939749923      1.3561092857059143      1.482430526456742
7.122033301001807       -4.031231356851453      -4.072676717736827      2.4797782393229424      2.681588438912309
11.322042294690275      -3.924019742015802      6.54796013356563        1.2953394184839317      1.4091696557285651
9.668148283613982       -2.966716367812118      5.885751126420855       1.0384304256297534      1.0951733956960201
1.8158849723287167      5.034972331344744       3.3546287081981765      2.493618148517643       2.734372113536614
-4.051259036283574      -3.3634933934358635     -0.5322822970110063     1.3589300547560819      1.4766140781317483
7.290929883987099       -3.0585524618246778     6.2258689959886935      1.2712000519846953      1.3963503573221865
0.22156897602824777     -0.7911356503428023     -3.643938936641701      1.3448242763076863      1.4734722478614994
-9.493598379706773      1.283887785909718       3.2027199285821744      2.5891066172197688      2.8654497709300832
2.193782688850983       1.3024431483147216      2.6611693829421537      1.160357920619009       1.3229903503676084
-4.928674158153895      -3.055886130014216      2.954447700856378       2.305564682031755       2.504666926984574
-7.215562294563215      0.17945014149509433     4.140884486542453       1.2469512894410055      1.3825681213979395
10.259206741501545      -3.077500802105431      6.165571249269963       1.2638583693462029      1.3482315296904008
-6.48496361979985       -0.18913528696398615    -7.523100140054071      1.3362042319895282      1.4641778320658747
-3.177350806131951      -3.969641579252285      -7.896161696477081      1.375856333270493       1.521939051980008
0.06667331772863576     -0.7306385564301002     0.18577780176316888     1.2336460497905035      1.3421481145817074
1.1624518246481004      -1.4497046047264286     -7.211262913287853      2.495460076388077       2.7532111762017606
2.343727387707624       0.11631484626400203     -4.2912863850379495     2.7112551333019232      2.9714764365865927
7.637485543119617       0.71089438279383        -4.176767930350352      1.5319779603532213      1.6298876534094773
-5.885504349133773      4.331635863407849       0.4632762528556012      3.104397636866678       3.3568293346711338
5.305310736315701       -5.500178236039194      -7.410182206093598      1.19449951207488        1.3006063918110646
-3.58397070299532       3.0151387630989266      -3.0143106564629027     1.5910439362550475      1.8419198835925519
-6.695770163516578      4.529740350673343       3.5957239263874303      1.3535010653902506      1.4688136552072435
-2.725990175713493      -4.259333367681551      3.164471536659474       1.2252836591051879      1.3351300240326556
3.1306958152116033      -0.12455703432937532    -7.426992335658633      1.3809386307544746      1.5302779385025531
8.423456396671128       -5.295734553916591      -7.983407617021989      3.1670480794025018      3.4838695338928374
0.9476900952766173      -0.1664166548287501     -0.32617934106069085    3.053318242296608       3.491410329515381
6.5946018519722225      0.5030548827808093      6.85098349124335        1.3081993423367908      1.4343847678617825
12.825618523840278      -2.439619168912033      -6.40804936303893       1.433412770337206       1.587701268169775
14.323747431194146      -4.263490554638809      -0.6698059730823505     3.597955425332636       4.138403700043622
-9.502536539319527      1.1135944224952061      6.778331831180565       1.2757821817378021      1.3797444855238905
0.03132841051920197     1.378919596763065       3.4211288563009505      2.321133457554817       2.554813020597557
2.915080366688229       -0.9916291654809015     -6.7489929392949275     3.7635257216260163      4.275952255198981
-1.9868647739573209     0.6229870892450518      -4.120868705309297      1.295260043454037       1.3705412165047863
-3.27940177464796       4.529302254448466       3.9573250134236306      1.1244382114862748      1.2306817313147562
1.6667857651857108      -3.78420662130468       6.4560345849853125      1.450459886947749       1.5663966945972423
14.454914893125864      -5.206915431012882      -3.8289155258804266     1.234681406561118       1.3469866191165218
7.679072569851229       0.04336483336293302     -7.417803267957368      1.1855020250538992      1.2497278696125305
-9.430340638409998      1.6243933137498565      -4.382114815436581      1.3705598609307854      1.504982710006962
8.665013048991002       -0.15995677510494954    4.090577772644313       3.0877648448774058      3.355437398208962
12.243034747727412      -4.2130550815322625     3.258167734257383       1.2251194801357221      1.3270887209611906
-4.824828484796503      4.599852033964076       -0.0517287726301291     1.350606109148863       1.5452764347648698
-11.396307798677498     1.3157055917321736      3.1525492348944786      3.2923813457188946      3.7010468613017644
6.569956726174509       0.7759596093826876      3.2537514457130925      1.2931123801864848      1.408453101674022
-5.7095566093945855     4.978520924482085       3.085791793961821       2.7713656090093433      3.1558183628859244
8.61858719705635        -1.1567452724128293     -1.2604646730404403
9.238385570473918       -1.130196414114515      -1.3358737349747856