      
   1.0000000000000000E-004   1.4766264133344433     
   2.0000000000000001E-004   1.4766267400992235     
   2.9999999999999997E-004   1.4766272303112082     
   4.0000000000000002E-004   1.4766278840481053     
   5.0000000000000001E-004   1.4766287014134076     
   5.9999999999999995E-004   1.4766296825362921     
   6.9999999999999999E-004   1.4766308275714892     
   8.0000000000000004E-004   1.4766321366991297     
   8.9999999999999998E-004   1.4766336101245627     
   1.0000000000000000E-003   1.4766352480781395     
   1.1000000000000001E-003   1.4766370508149709     
   1.1999999999999999E-003   1.4766390186146534     
   1.2999999999999999E-003   1.4766411517809610     
   1.4000000000000000E-003   1.4766434506415007     
   1.5000000000000000E-003   1.4766459155473344     
   1.6000000000000001E-003   1.4766485468725572     
   1.6999999999999999E-003   1.4766513450138390     
   1.8000000000000000E-003   1.4766543103899252     
   1.9000000000000000E-003   1.4766574434410840     
   2.0000000000000000E-003   1.4766607446285105     
   2.0999999999999999E-003   1.4766642144336837     
   2.2000000000000001E-003   1.4766678533576618     
   2.3000000000000000E-003   1.4766716619203271     
   2.3999999999999998E-003   1.4766756406595698     
   2.5000000000000001E-003   1.4766797901304076     
   2.5999999999999999E-003   1.4766841109040383     
   2.7000000000000001E-003   1.4766886035668312     
   2.8000000000000000E-003   1.4766932687192302     
   2.8999999999999998E-003   1.4766981069745972     
   3.0000000000000001E-003   1.4767031189579600     
   3.0999999999999999E-003   1.4767083053046881     
   3.2000000000000002E-003   1.4767136666590757     
   3.3000000000000000E-003   1.4767192036728334     
   3.3999999999999998E-003   1.4767249170034842     
   3.5000000000000001E-003   1.4767308073126635     
   3.5999999999999999E-003   1.4767368752643173     
   3.7000000000000002E-003   1.4767431215227917     
   3.8000000000000000E-003   1.4767495467508187     
   3.8999999999999998E-003   1.4767561516073884     
   4.0000000000000001E-003   1.4767629367454973     
   4.1000000000000003E-003   1.4767699028098016     
   4.1999999999999997E-003   1.4767770504341344     
   4.3000000000000000E-003   1.4767843802389091     
   4.4000000000000003E-003   1.4767918928284005     
   4.4999999999999997E-003   1.4767995887879071     
   4.5999999999999999E-003   1.4768074686807870     
   4.7000000000000002E-003   1.4768155330453721     
   4.7999999999999996E-003   1.4768237823917856     
   4.8999999999999998E-003   1.4768322171986179     
   5.0000000000000001E-003   1.4768408379094895     
   5.1000000000000004E-003   1.4768496449295281     
   5.1999999999999998E-003   1.4768586386217217     
   5.3000000000000000E-003   1.4768678193031990     
   5.4000000000000003E-003   1.4768771872414077     
   5.4999999999999997E-003   1.4768867426502255     
   5.5999999999999999E-003   1.4768964856860038     
   5.7000000000000002E-003   1.4769064164435659     
   5.7999999999999996E-003   1.4769165349521693     
   5.8999999999999999E-003   1.4769268411714425     
   6.0000000000000001E-003   1.4769373349873347     
   6.1000000000000004E-003   1.4769480162080817     
   6.1999999999999998E-003   1.4769588845602153     
   6.3000000000000000E-003   1.4769699396846465     
   6.4000000000000003E-003   1.4769811811328455     
   6.4999999999999997E-003   1.4769926083631435     
   6.6000000000000000E-003   1.4770042207372003     
   6.7000000000000002E-003   1.4770160175166525     
   6.7999999999999996E-003   1.4770279978599958     
   6.8999999999999999E-003   1.4770401608197243     
   7.0000000000000001E-003   1.4770525053397725     
   7.1000000000000004E-003   1.4770650302532962     
   7.1999999999999998E-003   1.4770777342808343     
   7.3000000000000001E-003   1.4770906160288926     
   7.4000000000000003E-003   1.4771036739889909     
   7.4999999999999997E-003   1.4771169065372161     
   7.6000000000000000E-003   1.4771303119343242     
   7.7000000000000002E-003   1.4771438883264278     
   7.7999999999999996E-003   1.4771576337463153     
   7.9000000000000008E-003   1.4771715461154331     
   8.0000000000000002E-003   1.4771856232465745     
   8.0999999999999996E-003   1.4771998628472698     
   8.2000000000000007E-003   1.4772142625239710     
   8.3000000000000001E-003   1.4772288197870256     
   8.3999999999999995E-003   1.4772435320564283     
   8.5000000000000006E-003   1.4772583966683981     
   8.6000000000000000E-003   1.4772734108827776     
   8.6999999999999994E-003   1.4772885718912487     
   8.8000000000000005E-003   1.4773038768263687     
   8.8999999999999999E-003   1.4773193227713950     
   8.9999999999999993E-003   1.4773349067708852     
   9.1000000000000004E-003   1.4773506258420335     
   9.1999999999999998E-003   1.4773664769866997     
   9.2999999999999992E-003   1.4773824572040730     
   9.4000000000000004E-003   1.4773985635039220     
   9.4999999999999998E-003   1.4774147929203463     
   9.5999999999999992E-003   1.4774311425259512     
   9.7000000000000003E-003   1.4774476094463611     
   9.7999999999999997E-003   1.4774641908749657     
   9.9000000000000008E-003   1.4774808840878015     
   1.0000000000000000E-002   1.4774976864584570     
   1.0100000000000000E-002   1.4775145954728766     
   1.0200000000000001E-002   1.4775316087439483     
   1.0300000000000000E-002   1.4775487240257570     
   1.0400000000000000E-002   1.4775659392273670     
   1.0500000000000001E-002   1.4775832524260184     
   1.0600000000000000E-002   1.4776006618796043     
   1.0699999999999999E-002   1.4776181660383252     
   1.0800000000000001E-002   1.4776357635553961     
   1.0900000000000000E-002   1.4776534532966985     
   1.0999999999999999E-002   1.4776712343492857     
   1.1100000000000000E-002   1.4776891060286590     
   1.1200000000000000E-002   1.4777070678847251     
   1.1299999999999999E-002   1.4777251197063723     
   1.1400000000000000E-002   1.4777432615246295     
   1.1500000000000000E-002   1.4777614936143681     
   1.1599999999999999E-002   1.4777798164945259     
   1.1700000000000000E-002   1.4777982309268447     
   1.1800000000000000E-002   1.4778167379131406     
   1.1900000000000001E-002   1.4778353386911478     
   1.2000000000000000E-002   1.4778540347289593     
   1.2100000000000000E-002   1.4778728277181319     
   1.2200000000000001E-002   1.4778917195655503     
   1.2300000000000000E-002   1.4779107123841100     
   1.2400000000000000E-002   1.4779298084822914     
   1.2500000000000001E-002   1.4779490103528061     
   1.2600000000000000E-002   1.4779683206603733     
   1.2699999999999999E-002   1.4779877422287786     
   1.2800000000000001E-002   1.4780072780273150     
   1.2900000000000000E-002   1.4780269311567706     
   1.2999999999999999E-002   1.4780467048350672     
   1.3100000000000001E-002   1.4780666023826980     
   1.3200000000000000E-002   1.4780866272080890     
   1.3299999999999999E-002   1.4781067827930077     
   1.3400000000000000E-002   1.4781270726781401     
   1.3500000000000000E-002   1.4781475004489590     
   1.3599999999999999E-002   1.4781680697219783     
   1.3700000000000000E-002   1.4781887841314854     
   1.3800000000000000E-002   1.4782096473168627     
   1.3899999999999999E-002   1.4782306629105590     
   1.4000000000000000E-002   1.4782518345267759     
   1.4100000000000000E-002   1.4782731657509354     
   1.4200000000000001E-002   1.4782946601299736     
   1.4300000000000000E-002   1.4783163211634909     
   1.4400000000000000E-002   1.4783381522957917     
   1.4500000000000001E-002   1.4783601569088176     
   1.4600000000000000E-002   1.4783823383159946     
   1.4700000000000000E-002   1.4784046997569791     
   1.4800000000000001E-002   1.4784272443933042     
   1.4900000000000000E-002   1.4784499753048925     
   1.4999999999999999E-002   1.4784728954874280     
   1.5100000000000001E-002   1.4784960078505378     
   1.5200000000000000E-002   1.4785193152167819     
   1.5299999999999999E-002   1.4785428203213677     
   1.5400000000000000E-002   1.4785665258125726     
   1.5500000000000000E-002   1.4785904342528280     
   1.5599999999999999E-002   1.4786145481204187     
   1.5699999999999999E-002   1.4786388698117372     
   1.5800000000000002E-002   1.4786634016440383     
   1.5900000000000001E-002   1.4786881458586891     
   1.6000000000000000E-002   1.4787131046248136     
   1.6100000000000000E-002   1.4787382800432953     
   1.6199999999999999E-002   1.4787636741511043     
   1.6299999999999999E-002   1.4787892889259013     
   1.6400000000000001E-002   1.4788151262908844     
   1.6500000000000001E-002   1.4788411881198156     
   1.6600000000000000E-002   1.4788674762422012     
   1.6700000000000000E-002   1.4788939924485964     
   1.6799999999999999E-002   1.4789207384960010     
   1.6899999999999998E-002   1.4789477161133140     
   1.7000000000000001E-002   1.4789749270068149     
   1.7100000000000001E-002   1.4790023728657218     
   1.7200000000000000E-002   1.4790300553677158     
   1.7299999999999999E-002   1.4790579761844336     
   1.7399999999999999E-002   1.4790861369869990     
   1.7500000000000002E-002   1.4791145394515686     
   1.7600000000000001E-002   1.4791431852648489     
   1.7700000000000000E-002   1.4791720761296210     
   1.7800000000000000E-002   1.4792012137703363     
   1.7899999999999999E-002   1.4792305999387581     
   1.7999999999999999E-002   1.4792602364197160     
   1.8100000000000002E-002   1.4792901250369921     
   1.8200000000000001E-002   1.4793202676594106     
   1.8300000000000000E-002   1.4793506662071993     
   1.8400000000000000E-002   1.4793813226586507     
   1.8499999999999999E-002   1.4794122390572386     
   1.8599999999999998E-002   1.4794434175192297     
   1.8700000000000001E-002   1.4794748602419161     
   1.8800000000000001E-002   1.4795065695126284     
   1.8900000000000000E-002   1.4795385477186469     
   1.9000000000000000E-002   1.4795707973581897     
   1.9099999999999999E-002   1.4796033210527311     
   1.9199999999999998E-002   1.4796361215607989     
   1.9300000000000001E-002   1.4796692017935069     
   1.9400000000000001E-002   1.4797025648322302     
   1.9500000000000000E-002   1.4797362139486934     
   1.9599999999999999E-002   1.4797701526278870     
   1.9699999999999999E-002   1.4798043845942934     
   1.9800000000000002E-002   1.4798389138419976     
   1.9900000000000001E-002   1.4798737446693020     
   2.0000000000000000E-002   1.4799088817185762     
   2.0100000000000000E-002   1.4799443300222643     
   2.0199999999999999E-002   1.4799800950560573     
   2.0299999999999999E-002   1.4800161828004681     
   2.0400000000000001E-002   1.4800525998122407     
   2.0500000000000001E-002   1.4800893533072803     
   2.0600000000000000E-002   1.4801264512571282     
   2.0700000000000000E-002   1.4801639025013824     
   2.0799999999999999E-002   1.4802017168788615     
   2.0899999999999998E-002   1.4802399053809381     
   2.1000000000000001E-002   1.4802784803310465     
   2.1100000000000001E-002   1.4803174555951364     
   2.1200000000000000E-002   1.4803568468288413     
   2.1299999999999999E-002   1.4803966717682149     
   2.1399999999999999E-002   1.4804369505722716     
   2.1499999999999998E-002   1.4804777062271277     
   2.1600000000000001E-002   1.4805189650235098     
   2.1700000000000001E-002   1.4805607571217683     
   2.1800000000000000E-002   1.4806031172211909     
   2.1899999999999999E-002   1.4806460853537280     
   2.1999999999999999E-002   1.4806897078261136     
   2.2100000000000002E-002   1.4807340383387386     
   2.2200000000000001E-002   1.4807791393148162     
   2.2300000000000000E-002   1.4808250834788999     
   2.2400000000000000E-002   1.4808719557300944     
   2.2499999999999999E-002   1.4809198553613783     
   2.2599999999999999E-002   1.4809688986819385     
   2.2700000000000001E-002   1.4810192221031135     
   2.2800000000000001E-002   1.4810709857478905     
   2.2900000000000000E-002   1.4811243776354570     
   2.3000000000000000E-002   1.4811796184697394     
   2.3099999999999999E-002   1.4812369670140715     
   2.3199999999999998E-002   1.4812967259468723     
   2.3300000000000001E-002   1.4813592479395319     
   2.3400000000000001E-002   1.4814249414366063     
   2.3500000000000000E-002   1.4814942751874403     
   2.3599999999999999E-002   1.4815677798820519     
   2.3699999999999999E-002   1.4816460441436667     
   2.3800000000000002E-002   1.4817297004351873     
   2.3900000000000001E-002   1.4818193939089894     
   2.4000000000000000E-002   1.4819157236350531     
   2.4100000000000000E-002   1.4820191409127674     
   2.4199999999999999E-002   1.4821297840091194     
   2.4299999999999999E-002   1.4822472246353480     
   2.4400000000000002E-002   1.4823701039441992     
   2.4500000000000001E-002   1.4824956561203009     
   2.4600000000000000E-002   1.4826191771181327     
   2.4700000000000000E-002   1.4827336285453838     
   2.4799999999999999E-002   1.4828298110488563     
   2.4899999999999999E-002   1.4828979088725602     
   2.5000000000000001E-002   1.4829316068328120     
   2.5100000000000001E-002   1.4829361543504649     
   2.5200000000000000E-002   1.4829415148725968     
   2.5300000000000000E-002   1.4830223615193119     
   2.5399999999999999E-002   1.4833337494772911     
   2.5499999999999998E-002   1.4841894257409620     
   2.5600000000000001E-002   1.4861827522953250     
   2.5700000000000001E-002   1.4900614451214194     
   2.5800000000000000E-002   1.4957440926760586     
   2.5899999999999999E-002   1.5013776082801991     
   2.5999999999999999E-002   1.5049063627804451     
   2.6100000000000002E-002   1.5061991721183636     
   2.6200000000000001E-002   1.5063651088600425     
   2.6300000000000000E-002   1.5062913857060607     
   2.6400000000000000E-002   1.5063200075656737     
   2.6499999999999999E-002   1.5064874832184882     
   2.6599999999999999E-002   1.5067362458043272     
   2.6700000000000002E-002   1.5070073180978292     
   2.6800000000000001E-002   1.5072643095687897     
   2.6900000000000000E-002   1.5074913411599715     
   2.7000000000000000E-002   1.5076852288901987     
   2.7099999999999999E-002   1.5078489510218054     
   2.7199999999999998E-002   1.5079876563464811     
   2.7300000000000001E-002   1.5081066519454458     
   2.7400000000000001E-002   1.5082105763489511     
   2.7500000000000000E-002   1.5083031780815543     
   2.7600000000000000E-002   1.5083873602409326     
   2.7699999999999999E-002   1.5084653174418508     
   2.7799999999999998E-002   1.5085386861080119     
   2.7900000000000001E-002   1.5086086773852936     
   2.8000000000000001E-002   1.5086761843550709     
   2.8100000000000000E-002   1.5087418644955068     
   2.8199999999999999E-002   1.5088062014424906     
   2.8299999999999999E-002   1.5088695505556513     
   2.8400000000000002E-002   1.5089321722604057     
   2.8500000000000001E-002   1.5089942563469629     
   2.8600000000000000E-002   1.5090559396527612     
   2.8700000000000000E-002   1.5091173189296225     
   2.8799999999999999E-002   1.5091784602121943     
   2.8899999999999999E-002   1.5092394056412699     
   2.9000000000000001E-002   1.5093001784300140     
   2.9100000000000001E-002   1.5093607864684073     
   2.9200000000000000E-002   1.5094212249222343     
   2.9300000000000000E-002   1.5094814780833206     
   2.9399999999999999E-002   1.5095415206557181     
   2.9499999999999998E-002   1.5096013186110384     
   2.9600000000000001E-002   1.5096608297090097     
   2.9700000000000001E-002   1.5097200037521832     
   2.9800000000000000E-002   1.5097787826246349     
   2.9899999999999999E-002   1.5098371001515218     
   2.9999999999999999E-002   1.5098948818066946     
   3.0099999999999998E-002   1.5099520442904717     
   3.0200000000000001E-002   1.5100084949978390     
   3.0300000000000001E-002   1.5100641313973200     
   3.0400000000000000E-002   1.5101188403445178     
   3.0499999999999999E-002   1.5101724973599853     
   3.0599999999999999E-002   1.5102249659092006     
   3.0700000000000002E-002   1.5102760967332083     
   3.0800000000000001E-002   1.5103257272907535     
   3.0900000000000000E-002   1.5103736813864912     
   3.1000000000000000E-002   1.5104197690744383     
   3.1099999999999999E-002   1.5104637869398230     
   3.1199999999999999E-002   1.5105055188742602     
   3.1300000000000001E-002   1.5105447374671797     
   3.1399999999999997E-002   1.5105812061379127     
   3.1500000000000000E-002   1.5106146821247706     
   3.1600000000000003E-002   1.5106449204267256     
   3.1699999999999999E-002   1.5106716787567940     
   3.1800000000000002E-002   1.5106947235107040     
   3.1899999999999998E-002   1.5107138366791972     
   3.2000000000000001E-002   1.5107288235391865     
   3.2099999999999997E-002   1.5107395208522474     
   3.2199999999999999E-002   1.5107458051896887     
   3.2300000000000002E-002   1.5107476009079484     
   3.2399999999999998E-002   1.5107448872365239     
   3.2500000000000001E-002   1.5107377039365972     
   3.2599999999999997E-002   1.5107261550624300     
   3.2700000000000000E-002   1.5107104105208242     
   3.2800000000000003E-002   1.5106907053714353     
   3.2899999999999999E-002   1.5106673371156381     
   3.3000000000000002E-002   1.5106406615333401     
   3.3099999999999997E-002   1.5106110878774448     
   3.3200000000000000E-002   1.5105790743532801     
   3.3300000000000003E-002   1.5105451247375425     
   3.3399999999999999E-002   1.5105097867068793     
   3.3500000000000002E-002   1.5104736519788637     
   3.3599999999999998E-002   1.5104373577959822     
   3.3700000000000001E-002   1.5104015887247035     
   3.3799999999999997E-002   1.5103670773266236     
   3.3900000000000000E-002   1.5103346020959032     
   3.4000000000000002E-002   1.5103049812060803     
   3.4099999999999998E-002   1.5102790610641035     
   3.4200000000000001E-002   1.5102576993575447     
   3.4299999999999997E-002   1.5102417430816835     
   3.4400000000000000E-002   1.5102320028045719     
   3.4500000000000003E-002   1.5102292250384872     
   3.4599999999999999E-002   1.5102340649390842     
   3.4700000000000002E-002   1.5102470616052435     
   3.4799999999999998E-002   1.5102686180131712     
   3.4900000000000000E-002   1.5102989871442054     
   3.5000000000000003E-002   1.5103382652434658     
   3.5099999999999999E-002   1.5103863924726830     
   3.5200000000000002E-002   1.5104431605854660     
   3.5299999999999998E-002   1.5105082267257428     
   3.5400000000000001E-002   1.5105811320735298     
   3.5499999999999997E-002   1.5106613238518616     
   3.5600000000000000E-002   1.5107481791566806     
   3.5700000000000003E-002   1.5108410291539978     
   3.5799999999999998E-002   1.5109391823711227     
   3.5900000000000001E-002   1.5110419460557603     
   3.5999999999999997E-002   1.5111486448539975     
   3.6100000000000000E-002   1.5112586363360550     
   3.6200000000000003E-002   1.5113713231558898     
   3.6299999999999999E-002   1.5114861618519484     
   3.6400000000000002E-002   1.5116026684730708     
   3.6499999999999998E-002   1.5117204213435338     
   3.6600000000000001E-002   1.5118390613649617     
   3.6700000000000003E-002   1.5119582902955864     
   3.6799999999999999E-002   1.5120778674554562     
   3.6900000000000002E-002   1.5121976052872037     
   3.6999999999999998E-002   1.5123173641633816     
   3.7100000000000001E-002   1.5124370467803214     
   3.7199999999999997E-002   1.5125565924216744     
   3.7300000000000000E-002   1.5126759713161653     
   3.7400000000000003E-002   1.5127951792587289     
   3.7499999999999999E-002   1.5129142326140781     
   3.7600000000000001E-002   1.5130331637783254     
   3.7699999999999997E-002   1.5131520171387978     
   3.7800000000000000E-002   1.5132708455440838     
   3.7900000000000003E-002   1.5133897072751517     
   3.7999999999999999E-002   1.5135086634939336     
   3.8100000000000002E-002   1.5136277761360397     
   3.8199999999999998E-002   1.5137471062091565     
   3.8300000000000001E-002   1.5138667124567480     
   3.8399999999999997E-002   1.5139866503466721     
   3.8500000000000000E-002   1.5141069713460109     
   3.8600000000000002E-002   1.5142277224457421     
   3.8699999999999998E-002   1.5143489459014206     
   3.8800000000000001E-002   1.5144706791583604     
   3.8899999999999997E-002   1.5145929549320911     
   3.9000000000000000E-002   1.5147158014163062     
   3.9100000000000003E-002   1.5148392425920252     
   3.9199999999999999E-002   1.5149632986129142     
   3.9300000000000002E-002   1.5150879862430795     
   3.9399999999999998E-002   1.5152133193250836     
   3.9500000000000000E-002   1.5153393092578675     
   3.9600000000000003E-002   1.5154659654667590     
   3.9699999999999999E-002   1.5155932958504739     
   3.9800000000000002E-002   1.5157213071932014     
   3.9899999999999998E-002   1.5158500055333903     
   4.0000000000000001E-002   1.5159793964844022     
   4.0099999999999997E-002   1.5161094855052328     
   4.0200000000000000E-002   1.5162402781227200     
   4.0300000000000002E-002   1.5163717801091889     
   4.0399999999999998E-002   1.5165039976212804     
   4.0500000000000001E-002   1.5166369373073283     
   4.0599999999999997E-002   1.5167706063911526     
   4.0700000000000000E-002   1.5169050127405399     
   4.0800000000000003E-002   1.5170401649283309     
   4.0899999999999999E-002   1.5171760722938321     
   4.1000000000000002E-002   1.5173127450103179     
   4.1099999999999998E-002   1.5174501941636225     
   4.1200000000000001E-002   1.5175884318453279     
   4.1300000000000003E-002   1.5177274712607904     
   4.1399999999999999E-002   1.5178673268502321     
   4.1500000000000002E-002   1.5180080144170838     
   4.1599999999999998E-002   1.5181495512530716     
   4.1700000000000001E-002   1.5182919562440496     
   4.1799999999999997E-002   1.5184352499338982     
   4.1900000000000000E-002   1.5185794545159681     
   4.2000000000000003E-002   1.5187245937138167     
   4.2099999999999999E-002   1.5188706925065145     
   4.2200000000000001E-002   1.5190177766493438     
   4.2299999999999997E-002   1.5191658719422589     
   4.2400000000000000E-002   1.5193150032087306     
   4.2500000000000003E-002   1.5194651929693412     
   4.2599999999999999E-002   1.5196164598308501     
   4.2700000000000002E-002   1.5197688166622925     
   4.2799999999999998E-002   1.5199222686913674     
   4.2900000000000001E-002   1.5200768117178085     
   4.2999999999999997E-002   1.5202324306920156     
   4.3099999999999999E-002   1.5203890989290836     
   4.3200000000000002E-002   1.5205467782036914     
   4.3299999999999998E-002   1.5207054198908545     
   4.3400000000000001E-002   1.5208649671839876     
   4.3499999999999997E-002   1.5210253582559534     
   4.3600000000000000E-002   1.5211865300643108     
   4.3700000000000003E-002   1.5213484223780660     
   4.3799999999999999E-002   1.5215109815534098     
   4.3900000000000002E-002   1.5216741636245512     
   4.3999999999999997E-002   1.5218379363935413     
   4.4100000000000000E-002   1.5220022803700388     
   4.4200000000000003E-002   1.5221671885876180     
   4.4299999999999999E-002   1.5223326654701987     
   4.4400000000000002E-002   1.5224987250156348     
   4.4499999999999998E-002   1.5226653885954227     
   4.4600000000000001E-002   1.5228326826497727     
   4.4699999999999997E-002   1.5230006365010142     
   4.4800000000000000E-002   1.5231692804356534     
   4.4900000000000002E-002   1.5233386441329815     
   4.4999999999999998E-002   1.5235087554549480     
   4.5100000000000001E-002   1.5236796395631791     
   4.5199999999999997E-002   1.5238513182930149     
   4.5300000000000000E-002   1.5240238096888725     
   4.5400000000000003E-002   1.5241971275843889     
   4.5499999999999999E-002   1.5243712810913519     
   4.5600000000000002E-002   1.5245462738431599     
   4.5699999999999998E-002   1.5247221028297948     
   4.5800000000000000E-002   1.5248987566885330     
   4.5900000000000003E-002   1.5250762134341542     
   4.5999999999999999E-002   1.5252544379225463     
   4.6100000000000002E-002   1.5254333799758246     
   4.6199999999999998E-002   1.5256129751297212     
   4.6300000000000001E-002   1.5257931511801459     
   4.6399999999999997E-002   1.5259738442123483     
   4.6500000000000000E-002   1.5261550257971499     
   4.6600000000000003E-002   1.5263367366478591     
   4.6699999999999998E-002   1.5265191119278354     
   4.6800000000000001E-002   1.5267023760209295     
   4.6899999999999997E-002   1.5268867906951227     
   4.7000000000000000E-002   1.5270725649197050     
   4.7100000000000003E-002   1.5272597639914016     
   4.7199999999999999E-002   1.5274482643932776     
   4.7300000000000002E-002   1.5276377764392401     
   4.7399999999999998E-002   1.5278279171360283     
   4.7500000000000001E-002   1.5280182921806307     
   4.7600000000000003E-002   1.5282085519198014     
   4.7699999999999999E-002   1.5283984088197584     
   4.7800000000000002E-002   1.5285876236848031     
   4.7899999999999998E-002   1.5287759752320311     
   4.8000000000000001E-002   1.5289632251857177     
   4.8099999999999997E-002   1.5291490851765093     
   4.8200000000000000E-002   1.5293331867473534     
   4.8300000000000003E-002   1.5295150529520911     
   4.8399999999999999E-002   1.5296940689517604     
   4.8500000000000001E-002   1.5298694488652655     
   4.8599999999999997E-002   1.5300401963491570     
   4.8700000000000000E-002   1.5302050567378356     
   4.8800000000000003E-002   1.5303624591177711     
   4.8899999999999999E-002   1.5305104476957792     
   4.9000000000000002E-002   1.5306466037246702     
   4.9099999999999998E-002   1.5307679628184392     
   4.9200000000000001E-002   1.5308709388120991     
   4.9299999999999997E-002   1.5309512758368351     
   4.9399999999999999E-002   1.5310040665302354     
   4.9500000000000002E-002   1.5310238970604773     
   4.9599999999999998E-002   1.5310052068644955     
   4.9700000000000001E-002   1.5309429739275089     
   4.9799999999999997E-002   1.5308338340899015     
   4.9900000000000000E-002   1.5306776780584559     
   5.0000000000000003E-002   1.5304795957136588     
