      
   0.0000000000000000       0.80869794796419470     
   1.0000000000000000E-004  0.80869818568638951     
   2.0000000000000001E-004  0.80869866125917211     
   2.9999999999999997E-004  0.80869937493906607     
   4.0000000000000002E-004  0.80870032711017681     
   5.0000000000000001E-004  0.80870151828342729     
   5.9999999999999995E-004  0.80870294909541551     
   6.9999999999999999E-004  0.80870462030707424     
   8.0000000000000004E-004  0.80870653280195681     
   8.9999999999999998E-004  0.80870868758426573     
   1.0000000000000000E-003  0.80871108577647499     
   1.1000000000000001E-003  0.80871372861660173     
   1.1999999999999999E-003  0.80871661745512557     
   1.2999999999999999E-003  0.80871975375147986     
   1.4000000000000000E-003  0.80872313907001514     
   1.5000000000000000E-003  0.80872677507560742     
   1.6000000000000001E-003  0.80873066352865441     
   1.6999999999999999E-003  0.80873480627953054     
   1.8000000000000000E-003  0.80873920526242737     
   1.9000000000000000E-003  0.80874386248859864     
   2.0000000000000000E-003  0.80874878003880535     
   2.0999999999999999E-003  0.80875396005510070     
   2.2000000000000001E-003  0.80875940473173247     
   2.3000000000000000E-003  0.80876511630519321     
   2.3999999999999998E-003  0.80877109704337413     
   2.5000000000000001E-003  0.80877734923365907     
   2.5999999999999999E-003  0.80878387516997807     
   2.7000000000000001E-003  0.80879067713874819     
   2.8000000000000000E-003  0.80879775740356064     
   2.8999999999999998E-003  0.80880511818857515     
   3.0000000000000001E-003  0.80881276166065019     
   3.0999999999999999E-003  0.80882068990985545     
   3.2000000000000002E-003  0.80882890492867043     
   3.3000000000000000E-003  0.80883740858942832     
   3.3999999999999998E-003  0.80884620262020068     
   3.5000000000000001E-003  0.80885528857885225     
   3.5999999999999999E-003  0.80886466782534183     
   3.7000000000000002E-003  0.80887434149205262     
   3.8000000000000000E-003  0.80888431045227815     
   3.8999999999999998E-003  0.80889457528660003     
   4.0000000000000001E-003  0.80890513624724136     
   4.1000000000000003E-003  0.80891599322029240     
   4.1999999999999997E-003  0.80892714568582957     
   4.3000000000000000E-003  0.80893859267582746     
   4.4000000000000003E-003  0.80895033272989880     
   4.4999999999999997E-003  0.80896236384893871     
   4.5999999999999999E-003  0.80897468344649981     
   4.7000000000000002E-003  0.80898728829820343     
   4.7999999999999996E-003  0.80900017448905170     
   4.8999999999999998E-003  0.80901333735886705     
   5.0000000000000001E-003  0.80902677144587487     
   5.1000000000000004E-003  0.80904047042869620     
   5.1999999999999998E-003  0.80905442706680331     
   5.3000000000000000E-003  0.80906863313979727     
   5.4000000000000003E-003  0.80908307938566959     
   5.4999999999999997E-003  0.80909775543840523     
   5.5999999999999999E-003  0.80911264976521768     
   5.7000000000000002E-003  0.80912774960388956     
   5.7999999999999996E-003  0.80914304090056954     
   5.8999999999999999E-003  0.80915850824856661     
   6.0000000000000001E-003  0.80917413482868783     
   6.1000000000000004E-003  0.80918990235166688     
   6.1999999999999998E-003  0.80920579100334722     
   6.3000000000000000E-003  0.80922177939331985     
   6.4000000000000003E-003  0.80923784450774972     
   6.4999999999999997E-003  0.80925396166719155     
   6.6000000000000000E-003  0.80927010449019210     
   6.7000000000000002E-003  0.80928624486364997     
   6.7999999999999996E-003  0.80930235292067310     
   6.8999999999999999E-003  0.80931839702709585     
   7.0000000000000001E-003  0.80933434377744495     
   7.1000000000000004E-003  0.80935015800136523     
   7.1999999999999998E-003  0.80936580278157788     
   7.3000000000000001E-003  0.80938123948416452     
   7.4000000000000003E-003  0.80939642780236032     
   7.4999999999999997E-003  0.80941132581450670     
   7.6000000000000000E-003  0.80942589005721222     
   7.7000000000000002E-003  0.80944007561432296     
   7.7999999999999996E-003  0.80945383622266887     
   7.9000000000000008E-003  0.80946712439486379     
   8.0000000000000002E-003  0.80947989155987909     
   8.0999999999999996E-003  0.80949208822140550     
   8.2000000000000007E-003  0.80950366413453834     
   8.3000000000000001E-003  0.80951456850044567     
   8.3999999999999995E-003  0.80952475017883108     
   8.5000000000000006E-003  0.80953415791778116     
   8.6000000000000000E-003  0.80954274060028064     
   8.6999999999999994E-003  0.80955044750633975     
   8.8000000000000005E-003  0.80955722858966239     
   8.8999999999999999E-003  0.80956303476727021     
   8.9999999999999993E-003  0.80956781822034696     
   9.1000000000000004E-003  0.80957153270421456     
   9.1999999999999998E-003  0.80957413386521215     
   9.2999999999999992E-003  0.80957557956187065     
   9.4000000000000004E-003  0.80957583018768875     
   9.4999999999999998E-003  0.80957484899228360     
   9.5999999999999992E-003  0.80957260239806883     
   9.7000000000000003E-003  0.80956906030877729     
   9.7999999999999997E-003  0.80956419640655841     
   9.9000000000000008E-003  0.80955798843415450     
   1.0000000000000000E-002  0.80955041845846676     
   1.0100000000000000E-002  0.80954147311210489     
   1.0200000000000001E-002  0.80953114380955993     
   1.0300000000000000E-002  0.80951942693459245     
   1.0400000000000000E-002  0.80950632399591060     
   1.0500000000000001E-002  0.80949184174829869     
   1.0600000000000000E-002  0.80947599227670264     
   1.0699999999999999E-002  0.80945879304126900     
   1.0800000000000001E-002  0.80944026688161996     
   1.0900000000000000E-002  0.80942044197916529     
   1.0999999999999999E-002  0.80939935177681932     
   1.1100000000000000E-002  0.80937703485604329     
   1.1200000000000000E-002  0.80935353477149830     
   1.1299999999999999E-002  0.80932889984421974     
   1.1400000000000000E-002  0.80930318291524106     
   1.1500000000000000E-002  0.80927644106134256     
   1.1599999999999999E-002  0.80924873527547891     
   1.1700000000000000E-002  0.80922013011558258     
   1.1800000000000000E-002  0.80919069332457350     
   1.1900000000000001E-002  0.80916049542601565     
   1.2000000000000000E-002  0.80912960929938893     
   1.2100000000000000E-002  0.80909810973969232     
   1.2200000000000001E-002  0.80906607300581068     
   1.2300000000000000E-002  0.80903357636296902     
   1.2400000000000000E-002  0.80900069762366211     
   1.2500000000000001E-002  0.80896751469203099     
   1.2600000000000000E-002  0.80893410511631558     
   1.2699999999999999E-002  0.80890054565399827     
   1.2800000000000001E-002  0.80886691185362025     
   1.2900000000000000E-002  0.80883327765737689     
   1.2999999999999999E-002  0.80879971502788717     
   1.3100000000000001E-002  0.80876629360211683     
   1.3200000000000000E-002  0.80873308037525860     
   1.3299999999999999E-002  0.80870013941653940     
   1.3400000000000000E-002  0.80866753161867788     
   1.3500000000000000E-002  0.80863531448194081     
   1.3599999999999999E-002  0.80860354193368866     
   1.3700000000000000E-002  0.80857226418332284     
   1.3800000000000000E-002  0.80854152761247144     
   1.3899999999999999E-002  0.80851137469958279     
   1.4000000000000000E-002  0.80848184397781819     
   1.4100000000000000E-002  0.80845297002478145     
   1.4200000000000001E-002  0.80842478348233182     
   1.4300000000000000E-002  0.80839731110444224     
   1.4400000000000000E-002  0.80837057583092176     
   1.4500000000000001E-002  0.80834459688456173     
   1.4600000000000000E-002  0.80831938988937013     
   1.4700000000000000E-002  0.80829496700740833     
   1.4800000000000001E-002  0.80827133709144627     
   1.4900000000000000E-002  0.80824850585137853     
   1.4999999999999999E-002  0.80822647603180686     
   1.5100000000000001E-002  0.80820524759855128     
   1.5200000000000000E-002  0.80818481793144226     
   1.5299999999999999E-002  0.80816518202253107     
   1.5400000000000000E-002  0.80814633267670033     
   1.5500000000000000E-002  0.80812826071359578     
   1.5599999999999999E-002  0.80811095516918185     
   1.5699999999999999E-002  0.80809440349577077     
   1.5800000000000002E-002  0.80807859175947727     
   1.5900000000000001E-002  0.80806350483348610     
   1.6000000000000000E-002  0.80804912658730144     
   1.6100000000000000E-002  0.80803544007061689     
   1.6199999999999999E-002  0.80802242769130561     
   1.6299999999999999E-002  0.80801007138767478     
   1.6400000000000001E-002  0.80799835279443044     
   1.6500000000000001E-002  0.80798725340218169     
   1.6600000000000000E-002  0.80797675471028385     
   1.6700000000000000E-002  0.80796683837344418     
   1.6799999999999999E-002  0.80795748634229114     
   1.6899999999999998E-002  0.80794868099779993     
   1.7000000000000001E-002  0.80794040528021582     
   1.7100000000000001E-002  0.80793264281245503     
   1.7200000000000000E-002  0.80792537801930775     
   1.7299999999999999E-002  0.80791859624234685     
   1.7399999999999999E-002  0.80791228385152791     
   1.7500000000000002E-002  0.80790642835413085     
   1.7600000000000001E-002  0.80790101850229779     
   1.7700000000000000E-002  0.80789604439967089     
   1.7800000000000000E-002  0.80789149760895895     
   1.7899999999999999E-002  0.80788737126129850     
   1.7999999999999999E-002  0.80788366016904900     
   1.8100000000000002E-002  0.80788036094359195     
   1.8200000000000001E-002  0.80787747212026684     
   1.8300000000000000E-002  0.80787499429237186     
   1.8400000000000000E-002  0.80787293025659690     
   1.8499999999999999E-002  0.80787128517282336     
   1.8599999999999998E-002  0.80787006674117601     
   1.8700000000000001E-002  0.80786928539974512     
   1.8800000000000001E-002  0.80786895454704288     
   1.8900000000000000E-002  0.80786909079372760     
   1.9000000000000000E-002  0.80786971424841025     
   1.9099999999999999E-002  0.80787084884368010     
   1.9199999999999998E-002  0.80787252270893395     
   1.9300000000000001E-002  0.80787476859783125     
   1.9400000000000001E-002  0.80787762437907928     
   1.9500000000000000E-002  0.80788113360087532     
   1.9599999999999999E-002  0.80788534614098440     
   1.9699999999999999E-002  0.80789031895657604     
   1.9800000000000002E-002  0.80789611694912911     
   1.9900000000000001E-002  0.80790281396399743     
   2.0000000000000000E-002  0.80791049394675452     
   2.0100000000000000E-002  0.80791925228144579     
   2.0199999999999999E-002  0.80792919734149204     
   2.0299999999999999E-002  0.80794045228881073     
   2.0400000000000001E-002  0.80795315716338378     
   2.0500000000000001E-002  0.80796747131234981     
   2.0600000000000000E-002  0.80798357621751382     
   2.0700000000000000E-002  0.80800167879043205     
   2.0799999999999999E-002  0.80802201521656170     
   2.0899999999999998E-002  0.80804485544559801     
   2.1000000000000001E-002  0.80807050844224848     
   2.1100000000000001E-002  0.80809932833352105     
   2.1200000000000000E-002  0.80813172161257241     
   2.1299999999999999E-002  0.80816815558853117     
   2.1399999999999999E-002  0.80820916830562228     
   2.1499999999999998E-002  0.80825538019477039     
   2.1600000000000001E-002  0.80830750776401217     
   2.1700000000000001E-002  0.80836637968714598     
   2.1800000000000000E-002  0.80843295570292151     
   2.1899999999999999E-002  0.80850834879890943     
   2.1999999999999999E-002  0.80859385121222749     
   2.2100000000000002E-002  0.80869096483270708     
   2.2200000000000001E-002  0.80880143663425519     
   2.2300000000000000E-002  0.80892729976307465     
   2.2400000000000000E-002  0.80907092085739551     
   2.2499999999999999E-002  0.80923505401342155     
   2.2599999999999999E-002  0.80942290147836804     
   2.2700000000000001E-002  0.80963818053333669     
   2.2800000000000001E-002  0.80988519496084199     
   2.2900000000000000E-002  0.81016890770495931     
   2.3000000000000000E-002  0.81049500842794653     
   2.3099999999999999E-002  0.81086996501252595     
   2.3199999999999998E-002  0.81130104070328679     
   2.3300000000000001E-002  0.81179624703696940     
   2.3400000000000001E-002  0.81236418472917515     
   2.3500000000000000E-002  0.81301369678977442     
   2.3599999999999999E-002  0.81375321502109754     
   2.3699999999999999E-002  0.81458961457682433     
   2.3800000000000002E-002  0.81552628891999757     
   2.3900000000000001E-002  0.81656000009524576     
   2.4000000000000000E-002  0.81767581704417902     
   2.4100000000000000E-002  0.81883908186839249     
   2.4199999999999999E-002  0.81998276984741025     
   2.4299999999999999E-002  0.82098772698404465     
   2.4400000000000002E-002  0.82165192635324857     
   2.4500000000000001E-002  0.82164289171553218     
   2.4600000000000000E-002  0.82042464164105988     
   2.4700000000000000E-002  0.81714704286306339     
   2.4799999999999999E-002  0.81048233186023122     
   2.4899999999999999E-002  0.79839370403686838     
   2.5000000000000001E-002  0.81841576785985781     
   2.5100000000000001E-002  0.85487034038728604     
   2.5200000000000000E-002  0.91362429662808853     
   2.5300000000000000E-002   1.0036080729985988     
   2.5399999999999999E-002   1.1339065399787698     
   2.5499999999999998E-002   1.3081983404336059     
   2.5600000000000001E-002   1.5108300657411049     
   2.5700000000000001E-002   1.6846919048044029     
   2.5800000000000000E-002   1.7315484556962424     
   2.5899999999999999E-002   1.5928129240157143     
   2.5999999999999999E-002   1.3378568770961141     
   2.6100000000000002E-002   1.0922351830801740     
   2.6200000000000001E-002  0.92235324297182730     
   2.6300000000000000E-002  0.82883801311650029     
   2.6400000000000000E-002  0.80827230133851546     
   2.6499999999999999E-002  0.82318567640649332     
   2.6599999999999999E-002  0.82595245888609314     
   2.6700000000000002E-002  0.82398789600072175     
   2.6800000000000001E-002  0.82077568657806832     
   2.6900000000000000E-002  0.81770574432792398     
   2.7000000000000000E-002  0.81519857302426824     
   2.7099999999999999E-002  0.81328506633667530     
   2.7199999999999998E-002  0.81186991748792425     
   2.7300000000000001E-002  0.81083739591740056     
   2.7400000000000001E-002  0.81008695045971690     
   2.7500000000000000E-002  0.80954076060833169     
   2.7600000000000000E-002  0.80914162213656793     
   2.7699999999999999E-002  0.80884847475823318     
   2.7799999999999998E-002  0.80863212883521551     
   2.7900000000000001E-002  0.80847187070112303     
   2.8000000000000001E-002  0.80835296205925855     
   2.8100000000000000E-002  0.80826486190447522     
   2.8199999999999999E-002  0.80819998257958559     
   2.8299999999999999E-002  0.80815282470130367     
   2.8400000000000002E-002  0.80811937562090885     
   2.8500000000000001E-002  0.80809668974333437     
   2.8600000000000000E-002  0.80808259417705708     
   2.8700000000000000E-002  0.80807548100223681     
   2.8799999999999999E-002  0.80807415972322649     
   2.8899999999999999E-002  0.80807775183377795     
   2.9000000000000001E-002  0.80808561509111754     
   2.9100000000000001E-002  0.80809728893223876     
   2.9200000000000000E-002  0.80811245507063001     
   2.9300000000000000E-002  0.80813090908086538     
   2.9399999999999999E-002  0.80815253998054604     
   2.9499999999999998E-002  0.80817731563555073     
   2.9600000000000001E-002  0.80820527236147366     
   2.9700000000000001E-002  0.80823650746231190     
   2.9800000000000000E-002  0.80827117369262380     
   2.9899999999999999E-002  0.80830947479999238     
   2.9999999999999999E-002  0.80835166144393100     
   3.0099999999999998E-002  0.80839802692075680     
   3.0200000000000001E-002  0.80844890227941535     
   3.0300000000000001E-002  0.80850465059652921     
   3.0400000000000000E-002  0.80856566038139477     
   3.0499999999999999E-002  0.80863233827145020     
   3.0599999999999999E-002  0.80870510131004347     
   3.0700000000000002E-002  0.80878436913170948     
   3.0800000000000001E-002  0.80887055628397475     
   3.0900000000000000E-002  0.80896406470480864     
   3.1000000000000000E-002  0.80906527609201406     
   3.1099999999999999E-002  0.80917454361272423     
   3.1199999999999999E-002  0.80929218218272470     
   3.1300000000000001E-002  0.80941845644854593     
   3.1399999999999997E-002  0.80955356566997461     
   3.1500000000000000E-002  0.80969762494273612     
   3.1600000000000003E-002  0.80985064261125528     
   3.1699999999999999E-002  0.81001249429140676     
   3.1800000000000002E-002  0.81018289462215987     
   3.1899999999999998E-002  0.81036136864275388     
   3.2000000000000001E-002  0.81054722549051372     
   3.2099999999999997E-002  0.81073953782500430     
   3.2199999999999999E-002  0.81093713089108421     
   3.2300000000000002E-002  0.81113858528440264     
   3.2399999999999998E-002  0.81134225712251906     
   3.2500000000000001E-002  0.81154631833449298     
   3.2599999999999997E-002  0.81174881809631705     
   3.2700000000000000E-002  0.81194776412262171     
   3.2800000000000003E-002  0.81214121977881704     
   3.2899999999999999E-002  0.81232741016731813     
   3.3000000000000002E-002  0.81250482794993806     
   3.3099999999999997E-002  0.81267232821894919     
   3.3200000000000000E-002  0.81282920165558670     
   3.3300000000000003E-002  0.81297521673909101     
   3.3399999999999999E-002  0.81311062481258234     
   3.3500000000000002E-002  0.81323612594992922     
   3.3599999999999998E-002  0.81335279814380856     
   3.3700000000000001E-002  0.81346199656543794     
   3.3799999999999997E-002  0.81356523284241522     
   3.3900000000000000E-002  0.81366404599931497     
   3.4000000000000002E-002  0.81375987678030470     
   3.4099999999999998E-002  0.81385395570212027     
   3.4200000000000001E-002  0.81394721278373339     
   3.4299999999999997E-002  0.81404021397318549     
   3.4400000000000000E-002  0.81413312631509871     
   3.4500000000000003E-002  0.81422571125408894     
   3.4599999999999999E-002  0.81431734336919537     
   3.4700000000000002E-002  0.81440705038001027     
   3.4799999999999998E-002  0.81449356945059992     
   3.4900000000000000E-002  0.81457541456751803     
   3.5000000000000003E-002  0.81465094997345755     
   3.5099999999999999E-002  0.81471846516907798     
   3.5200000000000002E-002  0.81477624772102619     
   3.5299999999999998E-002  0.81482265091221651     
   3.5400000000000001E-002  0.81485615405263734     
   3.5499999999999997E-002  0.81487541395727958     
   3.5600000000000000E-002  0.81487930667865516     
   3.5700000000000003E-002  0.81486695903938466     
   3.5799999999999998E-002  0.81483776987665180     
   3.5900000000000001E-002  0.81479142120455639     
   3.5999999999999997E-002  0.81472787975534899     
   3.6100000000000000E-002  0.81464738959792982     
   3.6200000000000003E-002  0.81455045674532911     
   3.6299999999999999E-002  0.81443782686365618     
   3.6400000000000002E-002  0.81431045735884167     
   3.6499999999999998E-002  0.81416948523386268     
   3.6600000000000001E-002  0.81401619216610199     
   3.6700000000000003E-002  0.81385196824637818     
   3.6799999999999999E-002  0.81367827574749241     
   3.6900000000000002E-002  0.81349661415859675     
   3.6999999999999998E-002  0.81330848754880702     
   3.7100000000000001E-002  0.81311537511987875     
   3.7199999999999997E-002  0.81291870559164703     
   3.7300000000000000E-002  0.81271983584068908     
   3.7400000000000003E-002  0.81252003400304063     
   3.7499999999999999E-002  0.81232046704003191     
   3.7600000000000001E-002  0.81212219258592488     
   3.7699999999999997E-002  0.81192615473401786     
   3.7800000000000000E-002  0.81173318328809030     
   3.7900000000000003E-002  0.81154399592264204     
   3.7999999999999999E-002  0.81135920265088013     
   3.8100000000000002E-002  0.81117931199652260     
   3.8199999999999998E-002  0.81100473830536080     
   3.8300000000000001E-002  0.81083580968775804     
   3.8399999999999997E-002  0.81067277616623301     
   3.8500000000000000E-002  0.81051581768876613     
   3.8600000000000002E-002  0.81036505175699647     
   3.8699999999999998E-002  0.81022054051482117     
   3.8800000000000001E-002  0.81008229722173952     
   3.8899999999999997E-002  0.80995029211601766     
   3.9000000000000000E-002  0.80982445773329137     
   3.9100000000000003E-002  0.80970469378986276     
   3.9199999999999999E-002  0.80959087175107125     
   3.9300000000000002E-002  0.80948283919712993     
   3.9399999999999998E-002  0.80938042405753086     
   3.9500000000000000E-002  0.80928343873123154     
   3.9600000000000003E-002  0.80919168406274400     
   3.9699999999999999E-002  0.80910495309868036     
   3.9800000000000002E-002  0.80902303453387359     
   3.9899999999999998E-002  0.80894571576619201     
   4.0000000000000001E-002  0.80887278549969432     
   4.0099999999999997E-002  0.80880403587467864     
   4.0200000000000000E-002  0.80873926413807862     
   4.0300000000000002E-002  0.80867827389434965     
   4.0399999999999998E-002  0.80862087599970722     
   4.0500000000000001E-002  0.80856688916819475     
   4.0599999999999997E-002  0.80851614035975272     
   4.0700000000000000E-002  0.80846846501453906     
   4.0800000000000003E-002  0.80842370718658940     
   4.0899999999999999E-002  0.80838171961542638     
   4.1000000000000002E-002  0.80834236376442603     
   4.1099999999999998E-002  0.80830550983750482     
   4.1200000000000001E-002  0.80827103677092671     
   4.1300000000000003E-002  0.80823883218723724     
   4.1399999999999999E-002  0.80820879227614340     
   4.1500000000000002E-002  0.80818082155390214     
   4.1599999999999998E-002  0.80815483243440445     
   4.1700000000000001E-002  0.80813074452790601     
   4.1799999999999997E-002  0.80810848357072163     
   4.1900000000000000E-002  0.80808797987703218     
   4.2000000000000003E-002  0.80806916621911296     
   4.2099999999999999E-002  0.80805197506766280     
   4.2200000000000001E-002  0.80803633519291962     
   4.2299999999999997E-002  0.80802216773422064     
   4.2400000000000000E-002  0.80800938200207906     
   4.2500000000000003E-002  0.80799787146429325     
   4.2599999999999999E-002  0.80798751057716078     
   4.2700000000000002E-002  0.80797815327866063     
   4.2799999999999998E-002  0.80796963401561217     
   4.2900000000000001E-002  0.80796177204482089     
   4.2999999999999997E-002  0.80795437936732117     
   4.3099999999999999E-002  0.80794727203805694     
   4.3200000000000002E-002  0.80794028381803229     
   4.3299999999999998E-002  0.80793328038872370     
   4.3400000000000001E-002  0.80792617187171289     
   4.3499999999999997E-002  0.80791892139412413     
   4.3600000000000000E-002  0.80791154803830334     
   4.3700000000000003E-002  0.80790412360433106     
   4.3799999999999999E-002  0.80789676394576304     
   4.3900000000000002E-002  0.80788961682740446     
   4.3999999999999997E-002  0.80788284897475615     
   4.4100000000000000E-002  0.80787663506129892     
   4.4200000000000003E-002  0.80787115085484440     
   4.4299999999999999E-002  0.80786657185243438     
   4.4400000000000002E-002  0.80786307777174970     
   4.4499999999999998E-002  0.80786086250354083     
   4.4600000000000001E-002  0.80786014871464029     
   4.4699999999999997E-002  0.80786120623243218     
   4.4800000000000000E-002  0.80786437353381368     
   4.4900000000000002E-002  0.80787008191784548     
   4.4999999999999998E-002  0.80787888203342884     
   4.5100000000000001E-002  0.80789147208983469     
   4.5199999999999997E-002  0.80790872598190555     
   4.5300000000000000E-002  0.80793171730980351     
   4.5400000000000003E-002  0.80796173138236926     
   4.5499999999999999E-002  0.80800025132386144     
   4.5600000000000002E-002  0.80804889626991505     
   4.5699999999999998E-002  0.80810928040555863     
   4.5800000000000000E-002  0.80818275493059233     
   4.5900000000000003E-002  0.80826999929924892     
   4.5999999999999999E-002  0.80837045798155960     
   4.6100000000000002E-002  0.80848169376537793     
   4.6199999999999998E-002  0.80859886000775472     
   4.6300000000000001E-002  0.80871465694464018     
   4.6399999999999997E-002  0.80882022484198179     
   4.6500000000000000E-002  0.80890723267772047     
   4.6600000000000003E-002  0.80897073839056743     
   4.6699999999999998E-002  0.80901134028030786     
   4.6800000000000001E-002  0.80903456617345693     
   4.6899999999999997E-002  0.80904675061082021     
   4.7000000000000000E-002  0.80904991071293897     
   4.7100000000000003E-002  0.80904010055763820     
   4.7199999999999999E-002  0.80901091101066802     
   4.7300000000000002E-002  0.80895885827460334     
   4.7399999999999998E-002  0.80888633388841413     
   4.7500000000000001E-002  0.80880085731604556     
   4.7600000000000003E-002  0.80871226122154893     
   4.7699999999999999E-002  0.80862993027766350     
   4.7800000000000002E-002  0.80856121057412977     
   4.7899999999999998E-002  0.80851105143507918     
   4.8000000000000001E-002  0.80848243825231858     
   4.8099999999999997E-002  0.80847714169236407     
   4.8200000000000000E-002  0.80849647518279522     
   4.8300000000000003E-002  0.80854192922838763     
   4.8399999999999999E-002  0.80861566716569522     
   4.8500000000000001E-002  0.80872092175674992     
   4.8599999999999997E-002  0.80886234719000694     
   4.8700000000000000E-002  0.80904637656624079     
   4.8800000000000003E-002  0.80928162246405133     
   4.8899999999999999E-002  0.80957934158876510     
   4.9000000000000002E-002  0.80995396188410607     
   4.9099999999999998E-002  0.81042363514356808     
   4.9200000000000001E-002  0.81101071856003570     
   4.9299999999999997E-002  0.81174198774465733     
   4.9399999999999999E-002  0.81264821921644714     
   4.9500000000000002E-002  0.81376252892901602     
   4.9599999999999998E-002  0.81511650524201629     
   4.9700000000000001E-002  0.81673276640315773     
   4.9799999999999997E-002  0.81861224498237717     
   4.9900000000000000E-002  0.82071456841762069     
   5.0000000000000003E-002  0.82293086008925254     
