 -0.845849335    
  -1.60651302    
   3.19263665E-03
 -0.657162786    
  0.995223045    
  0.723739684    
 -0.276967674    
  0.234043822    
   1.05511534    
   1.39983559    
  0.814151049    
 -0.812498927    
   1.51868308    
 -0.232831463    
  0.390473276    
  -1.24784887    
 -0.364555061    
 -0.567430913    
  -1.59715974    
 -0.109285876    
  0.890912950    
 -0.811614275    
  0.614838719    
 -0.974516988    
  0.972477257    
 -0.964519441    
   1.04275513    
   1.03729093    
  0.685389400    
 -0.221266359    
 -0.169955313    
  0.641295850    
  0.731199682    
 -0.491182446    
 -0.165794700    
 -0.980513632    
  0.834879398    
  0.287274808    
  0.381484419    
  0.349920124    
  -1.82933414    
 -0.125391304    
 -0.891062319    
 -0.188795805    
  -1.00974905    
  0.321221232    
 -0.751448274    
  0.158627063    
 -0.256419122    
   1.00489843    
   9.57814232E-02
   1.48551977    
 -0.726787627    
  0.186335787    
  -5.75536154E-02
  0.422553658    
 -0.235835120    
 -0.267420381    
 -0.956722677    
  0.645848572    
  0.746284783    
  0.498080164    
  -1.15330935    
  0.829833031    
  -2.18644595    
  0.892471015    
 -0.485385776    
   1.51558146E-02
  0.231270298    
  0.151773944    
   1.36656129    
   6.06170110E-02
   2.12033939    
  -1.95865226    
 -0.402249664    
   2.66620970    
  -1.57191062    
   1.20277989    
   7.00877532E-02
  0.775024712    
  0.999888361    
   1.08387256    
  -7.57565908E-03
   3.99932973E-02
  -3.23483720E-02
  0.105408467    
 -0.221488446    
   1.04400921    
   1.42746449    
  0.632258773    
  -1.61756611    
  -1.22804475    
  0.609602273    
  -1.32302010    
  -1.27757478    
 -0.132453039    
 -0.796948493    
 -0.902860224    
  0.255541652    
  0.283082634    
  -1.05089712    
  0.781997263    
  -1.08830416    
  0.753949881    
  -3.95477973E-02
   1.07650435    
   7.54401907E-02
  -1.13972998    
 -0.780067503    
 -0.334023684    
  -1.31121802    
  0.211428106    
   1.81351829    
 -0.697123945    
  0.998402119    
  0.479025900    
   3.28023247E-02
 -0.189170733    
   1.59753501    
  -1.06609297    
  -2.33973861    
  0.159379542    
 -0.581926942    
 -0.148065045    
 -0.496038377    
  0.381448954    
  0.682610333    
   8.76734778E-02
 -0.400338054    
  0.423595607    
 -0.901891947    
 -0.457255393    
 -0.419029981    
  0.876258135    
  0.573304296    
   8.72748941E-02
  0.428159803    
   1.37968004    
  -2.64516568    
  0.668336987    
  -1.38901460    
   6.03400692E-02
   1.47587717    
  0.126841024    
 -0.297177255    
  -2.27752447    
  0.312035859    
  0.411759585    
 -0.369914860    
  -1.25779831    
  0.310170025    
  -7.81905279E-02
   1.36474967    
  0.441615909    
 -0.326113135    
   1.65999889    
 -0.116999649    
 -0.183200493    
   1.08054280    
  -2.01973748    
  -1.00141275    
 -0.718806565    
 -0.152134210    
   1.06241965    
  0.462672174    
  0.142818540    
 -0.456080258    
  -1.03146708    
  0.333583564    
 -0.304511964    
 -0.571837902    
  -1.00529385    
 -0.711414576    
 -0.714572906    
 -0.395745516    
  -1.98337495    
   1.18557394    
  0.593963921    
   1.05683243    
  -1.85464132    
  -2.07659531    
  0.541796684    
 -0.589098155    
 -0.451596290    
  -1.25163984    
  -1.78886795    
  -8.41615628E-03
 -0.835559845    
   1.70798397    
 -0.462601930    
  0.567762434    
 -0.705784917    
  0.238021255    
  -1.20833981    
   1.20151472    
 -0.876504123    
 -0.396605343    
   1.36330736    
  -1.47354829    
  -9.14741009E-02
  0.127093151    
  -1.50037730    
   1.34486938    
  0.374627560    
  0.579825163    
   1.11426640    
  -7.77060017E-02
   1.77337766    
  0.295479000    
   1.21463788    
  -1.70170522    
  -1.06774557    
  0.399733007    
  0.794776082    
   1.28321445    
 -0.371100545    
 -0.611334383    
 -0.344865620    
  0.587697089    
  0.883254707    
  0.210617468    
  0.241113067    
  -1.88831532    
  0.465512395    
   2.49842000    
  0.400089204    
   1.45358086    
  0.706157744    
  0.186506212    
 -0.331772149    
 -0.651933014    
  -1.07606387    
 -0.151666537    
   2.08414197    
 -0.253013164    
 -0.559681237    
 -0.229711026    
  0.523008764    
  -1.38141239    
  -1.61438012    
  0.139829502    
  -1.59404683    
  -1.50905812    
   1.11510265    
  -1.42643750    
   4.90312614E-02
   1.74272859    
  0.108214334    
 -0.598522723    
 -0.302885562    
  -1.55429304    
  -1.25169194    
  -1.97907591    
  0.387115747    
  0.781644464    
  0.821251631    
   1.08395672    
 -0.699077189    
 -0.409793079    
  0.280800849    
  0.728865266    
   1.94076431    
 -0.317315727    
 -0.330042094    
  0.412064791    
 -0.314715892    
  0.781551659    
 -0.601980746    
   1.30583763    
  0.754909873    
  0.288162202    
  0.533587813    
 -0.379886836    
  -1.79257810    
  0.779890776    
  -3.21433954E-02
   7.03811869E-02
  -1.18336582    
  0.674354494    
 -0.213301390    
 -0.102925755    
  0.312966198    
 -0.179302603    
 -0.286120027    
   2.19132280    
  -1.20189786    
 -0.513916433    
  0.581539333    
 -0.968015730    
  -1.51097035    
  0.589585960    
  -1.47168827    
 -0.251363128    
  0.755067050    
  0.142071962    
  0.917260289    
   1.70110774    
   2.57782173    
 -0.509925723    
  -2.12504601    
 -0.776817143    
  0.102001108    
  -1.27818704    
  0.107342549    
  -1.30103302    
  0.168464869    
   2.54261804    
   1.60171199    
  0.784952819    
 -0.879420877    
  0.949009240    
 -0.568828106    
  0.858149707    
  -7.22773746E-02
   2.29218769    
 -0.443582654    
 -0.141138077    
  -2.30108929    
 -0.668840408    
  0.475102693    
 -0.750204623    
 -0.466429353    
  0.324623376    
   1.12929642    
  -2.33936664E-02
  0.142771125    
   1.02295649    
  0.120531328    
   2.24097824    
 -0.295207918    
  0.325790107    
  0.129840434    
 -0.153217316    
 -0.594705284    
 -0.237118080    
 -0.655104339    
 -0.368066221    
 -0.385905534    
  0.204980835    
 -0.761132658    
  -1.21486914    
   1.57886004    
 -0.105413251    
 -0.577832758    
  -1.02386785    
  0.718403578    
  -1.86269188    
 -0.871630907    
 -0.556509614    
  -6.53241575E-02
  0.317658693    
  0.438827306    
 -0.795737326    
  0.272331089    
   1.39265430    
  0.931639433    
   1.05773413    
  0.839076042    
 -0.956196606    
  -1.63345313    
  -2.38931608    
   1.31543207    
  0.565999150    
   1.41314292    
   1.16879368    
  -1.13549912    
   1.48332250    
  0.143134758    
 -0.270120621    
  0.367676884    
  0.851460278    
 -0.725356698    
  0.106355757    
   1.52712572    
  -1.13265264    
   1.49934256    
  0.211862996    
 -0.690410435    
  0.571666896    
 -0.569702208    
  0.680235982    
  -1.39943266    
  0.800831079    
 -0.820081830    
   1.23953867    
   1.92407334    
  -2.31758308    
  0.919754505    
  0.939047754    
  0.636625409    
  0.610237420    
  -1.99952543    
  0.439983666    
 -0.156507745    
   1.58325493    
  -1.80233157    
 -0.605170250    
 -0.753287375    
  -1.61580527    
   2.45750070    
  0.392058253    
  0.690671027    
  0.734330356    
  0.153440475    
 -0.990351796    
  0.841361403    
   1.04109716    
 -0.551620007    
  0.668410480    
 -0.356656134    
   1.32275987    
 -0.191598192    
  0.326094866    
  -1.38950002    
 -0.785362661    
  0.195600942    
  0.249914527    
   1.14189386    
  0.479571074    
   1.38873446    
  -2.45999289    
   1.15316820    
  0.666885614    
 -0.684620738    
   1.29138720    
 -0.448691845    
  0.214751780    
  0.804216444    
 -0.807128966    
  0.687612891    
 -0.135824591    
 -0.511580348    
 -0.294165164    
  0.131006837    
 -0.721371293    
 -0.115983501    
  -6.64503947E-02
  0.544509351    
  0.580211580    
 -0.868868589    
  -1.97570181    
 -0.617901027    
  0.263797641    
   5.07928282E-02
  0.605893970    
 -0.238109529    
  0.180082187    
 -0.804718792    
   1.41725731    
  -1.25831783    
  0.652551711    
 -0.692888379    
  0.113600895    
 -0.279103607    
  0.934091389    
 -0.410276115    
  0.279005796    
 -0.597751439    
  0.387059689    
 -0.773227155    
   1.16039789    
  0.261329979    
   1.39378142    
 -0.558736920    
  -1.40933585    
   1.10195005    
  0.347018063    
 -0.966255188    
  -1.09448886    
  -1.03262901    
  -1.63473070    
  -1.64645219    
  0.165482178    
  0.735167801    
 -0.722674549    
  0.416025966    
 -0.705992222    
   2.24399585E-02
  0.597855985    
   1.62768078    
  -3.21123190E-02
  0.570391119    
  -8.04120451E-02
  -2.45410919    
 -0.776723802    
  -1.96811652    
  -1.07624209    
  0.572581589    
 -0.184572801    
  0.654208839    
 -0.335733384    
  -1.41314435    
 -0.479915500    
 -0.222755089    
 -0.595353901    
   2.12269402    
 -0.128017321    
 -0.335514069    
   1.60367441    
 -0.635113478    
 -0.566730618    
 -0.617754221    
   1.53216839    
 -0.396146446    
  -1.14344454    
 -0.230380446    
  -1.07238460    
  0.160623938    
   5.65152727E-02
 -0.279773980    
  -1.44063449    
   1.20529377    
  -1.40844226    
  -1.05160689    
 -0.401164353    
  -3.00065923    
  0.320457727    
   1.76699722    
 -0.710765302    
 -0.270256490    
 -0.253346950    
 -0.234507471    
  0.204035997    
   1.35141444    
 -0.878730953    
  0.769488871    
   6.02338128E-02
 -0.340329736    
 -0.984735489    
   3.93468179E-02
  -2.17255759    
 -0.337628901    
 -0.462921619    
  0.538087487    
  0.699439347    
   3.51551808E-02
   1.44153678    
   1.80464423    
   1.42215025    
 -0.440342188    
  -1.33030939    
  0.349300146    
  0.922964275    
 -0.645786464    
  0.825636327    
 -0.417988420    
 -0.571384907    
  0.124551423    
  0.216589749    
   9.77989137E-02
 -0.287674040    
  -1.28594863    
   1.64560020    
  0.171162188    
  -1.33260214    
 -0.393896997    
   1.58561313    
  0.286414742    
  0.609852791    
 -0.296173185    
  0.105636165    
 -0.782236099    
  -1.02571202E-02
 -0.782809556    
  0.519410193    
   1.93419397    
 -0.715652585    
  -2.60803151    
   1.23290598    
  0.721261382    
  0.811669707    
  -1.81420600    
   1.47747743    
  -7.97196552E-02
 -0.129087850    
  0.998734832    
  0.479292125    
 -0.107897483    
  -1.39109337    
  0.546344340    
 -0.387923121    
  -1.12216842    
  0.741715789    
 -0.538243234    
  -3.80385816E-02
  0.659430683    
 -0.521425664    
  -1.51131451    
   1.40650642    
  -1.17413509    
  -8.75237733E-02
  0.441883653    
 -0.988570511    
 -0.866534889    
  0.694871664    
  -1.89668941    
  0.453842074    
  -1.15374994    
   1.12771451    
 -0.782984674    
  0.773580253    
  0.542641163    
  -2.16471601    
  -3.78260314E-02
   1.47165060    
 -0.499198407    
  -2.86398888    
  0.792244613    
   2.12065792    
  -7.90802203E-03
  0.328886300    
 -0.695748508    
 -0.461229473    
   2.57730269    
  -1.83180184E-03
 -0.326045901    
  0.333087981    
 -0.414846569    
  -1.21084619    
   1.10193765    
 -0.871365786    
 -0.788680732    
 -0.284068316    
 -0.772998571    
 -0.842224002    
  0.892985702    
  0.989463329    
 -0.736801624    
  0.632712066    
 -0.184562698    
  0.805024028    
  0.450421691    
  0.411644310    
   3.34717929E-02
 -0.768089235    
  0.733757377    
   1.25308859    
 -0.592017710    
   2.06386065    
   1.30383825    
 -0.873428702    
  -2.45006173E-03
 -0.831986070    
   1.18678772    
  -1.29771173    
   8.53878912E-03
   1.87896335    
   1.93138611    
  -5.40069826E-02
   1.83133078    
   1.43642235    
 -0.477440655    
  0.577681959    
 -0.114373997    
   1.06761765    
  -1.21776605    
  0.788033068    
  -1.87138736    
   1.07866657    
 -0.466655970    
  -1.73966086    
  0.644878685    
  -1.61891246    
 -0.868702471    
  0.551909089    
   1.48638391    
  0.793278337    
  -1.95239043    
  0.853788614    
 -0.384878784    
  -1.78887761    
  0.125655621    
 -0.156987295    
  0.807135165    
  -1.44264865    
   1.15118754    
  0.635166466    
  -8.30208063E-02
  -1.23688686    
  -1.19336128    
  0.367918849    
  0.344593972    
 -0.936878741    
 -0.176232636    
  0.324488133    
 -0.803790033    
  -5.56626990E-02
  -1.37956774    
 -0.276230067    
  0.752108455    
 -0.564097703    
  0.575213253    
 -0.490055114    
  -1.53650463    
 -0.374042928    
 -0.600639760    
  0.428361297    
  0.263421863    
 -0.408779442    
  0.721560419    
   1.10866272    
   1.96108270    
 -0.727366269    
 -0.521824360    
 -0.627570152    
  0.123112671    
 -0.482574284    
  0.203249812    
   1.30737150    
  0.662725329    
  0.172751963    
   1.29780877    
  0.317162544    
   2.21975636    
   1.43148601    
  -1.94116533    
  -6.70590699E-02
 -0.272524923    
  0.913424313    
   3.24179381E-02
 -0.876666486    
  0.879890442    
   3.77281085E-02
  -1.96128654    
 -0.549964249    
   6.65303245E-02
  0.746928632    
  0.357040256    
  -1.00478053    
 -0.416781068    
 -0.981369078    
   1.05776930    
  -1.88177395    
   1.12583184    
 -0.153244868    
  0.261686534    
  -1.66997325    
   1.19694877    
   1.02403712    
  0.222641274    
 -0.352813840    
 -0.639528692    
 -0.915942907    
  0.618549407    
 -0.257291675    
  0.284295917    
   1.69823790    
 -0.962370992    
   2.92509079    
  0.790920973    
 -0.104477257    
 -0.119566455    
 -0.299541712    
   1.47180533    
 -0.179328099    
  0.798041761    
 -0.992619157    
 -0.523227155    
  0.253031880    
  0.281422168    
   1.60110474    
  0.307703167    
 -0.780617893    
 -0.526957512    
  0.941661477    
  -1.70026982    
  0.236991569    
   1.40290141    
 -0.343718350    
   1.08678627    
  0.487535596    
 -0.237654254    
  0.763992548    
 -0.352124751    
  -2.11339474    
 -0.393016100    
   3.81333637E-03
 -0.531990767    
 -0.622077048    
 -0.531980693    
  -1.44775891    
  0.771443367    
  -1.62100053    
  -2.36676359    
  0.343852639    
 -0.434994489    
 -0.839695871    
  0.383324414    
 -0.208478749    
  -1.09486842    
 -0.714700818    
 -0.327696323    
  -1.79788423    
  -1.21119058    
 -0.307609975    
   1.62739849    
  0.325303137    
   1.55842352    
  0.638400376    
  0.325912684    
  0.482728064    
 -0.298406869    
  -1.37519121    
  0.498939663    
  0.876654387    
  -1.78130794    
   1.10857260    
  0.513652563    
  0.134913146    
  0.821304977    
  0.703525364    
   2.33982158    
  0.504274487    
  0.983883440    
 -0.612481177    
  0.274779350    
 -0.568834603    
 -0.169484258    
 -0.994140267    
 -0.165762275    
   1.24716964E-02
  0.171048597    
  -1.20558465    
  0.695623159    
  0.969076753    
 -0.977145314    
  0.262385160    
   7.75736496E-02
  -2.07172751    
  -1.67119443    
  0.691651881    
   1.18405354    
  -1.48552811    
  -1.06010759    
  0.542792022    
  0.652933359    
   1.49102616    
   1.92865288    
 -0.951994002    
  -1.36162341    
  0.115550250    
   1.42571652    
   1.10191846    
  -1.44036746    
 -0.284751892    
 -0.548231900    
 -0.427637160    
  0.797455966    
   3.54919545E-02
  -1.15995526    
  -2.03728750E-02
   1.47512877    
  0.484490335    
  -1.15745389    
 -0.205434844    
  -1.17305696    
  0.252699852    
  0.926983833    
 -0.429566413    
  0.735089839    
  0.821680784    
 -0.289286464    
   1.41263926    
  0.154073000    
  -1.53898537    
 -0.248473361    
 -0.785270810    
 -0.551394224    
  0.117757872    
  -1.48615563    
  -1.60909069    
 -0.916512311    
  0.845827937    
  0.180518299    
  0.646906734    
  0.572093964    
  0.265361518    
  0.377443850    
 -0.218498290    
  0.191491351    
   9.20269713E-02
  0.561685503    
  -2.22525024    
 -0.794411540    
  0.871011257    
  0.664237976    
  -2.29102635    
 -0.716541708    
   5.86631224E-02
 -0.489016086    
  -1.17993701    
 -0.884383082    
  0.888758779    
 -0.613310397    
  -1.28459418    
  0.845247149    
 -0.461920112    
  0.752770126    
  0.724787652    
  0.138441086    
 -0.290499419    
 -0.445377022    
 -0.591944456    
  0.381535590    
   1.92563009    
  0.820145130    
 -0.618213594    
  -1.09051561    
 -0.136207461    
  0.251302004    
  -1.13997221    
   4.20376956E-02
 -0.601146638    
   3.70285437E-02
 -0.139611796    
  0.533208728    
  0.356404781    
   1.47181594    
  0.625303686    
 -0.207398698    
   9.85771865E-02
 -0.736323714    
 -0.729660153    
  -2.37865090    
   1.08526456    
 -0.525802255    
   1.34955001    
 -0.569010794    
  0.127386644    
 -0.881404161    
  -1.38901806    
 -0.687677801    
   2.04674625    
  -2.75882697    
  0.268921167    
  -2.51954770    
  -1.18294275    
   1.13128197    
 -0.208159655    
 -0.308369249    
 -0.169202641    
 -0.457317472    
  -1.12931645    
   1.60416389    
  0.541589022    
 -0.831912875    
  -1.31290317    
  0.524498403    
  0.473006636    
 -0.803124070    
 -0.262110054    
   1.06745684    
 -0.840492547    
   1.52552521    
  0.519298017    
  0.460603207    
  0.953983426    
 -0.106221870    
  -3.40802503    
  0.746537626    
 -0.570259750    
 -0.526879728    
  0.270267755    
  0.654179275    
 -0.140220940    
  -1.09149051    
  0.448768854    
  0.248167425    
  0.107148394    
  -6.87646344E-02
 -0.603537202    
   1.03969347    
   1.08381701    
   1.66057956    
  0.345331818    
 -0.635149240    
  -1.44949520    
   1.04618061    
  0.890888989    
  0.134849191    
  0.195904315    
   6.78744242E-02
  -4.62417584E-03
   1.24915981    
  0.742474079    
  0.177162245    
  -1.07678688    
   1.39010297E-02
   1.39506376    
   1.84290063    
   1.19401968    
  0.552729130    
  -1.04422450    
 -0.467556030    
 -0.309779972    
  0.378749579    
  0.108585611    
 -0.520429373    
  -1.64382446    
  0.271486282    
